0 1 3.0361999999999996 4.969591287017474 17.933 1.002 0 0
10 0.8 1.3457499999999998 0.19239981159034433 17.933 1.002 3.0361999999999996 10
20 1.2 1.6745000000000003 0.9630587988279842 17.933 0.999 2.2848888888888883 18
30 2.1 1.4491904761904766 0.3385489510990241 17.933 0.853 2.0407333333333333 30
40 2 1.3935 0.35052653251929444 17.933 0.853 1.797156862745098 51
50 1.9 1.4668947368421055 0.29124883460111867 17.933 0.853 1.6834507042253521 71
60 4 1.8203000000000007 3.575242251932028 24.101 0.787 1.6377333333333335 90
70 3.7 1.24118918918919 0.21009892622773038 24.101 0.787 1.6939076923076926 130
80 4.2 1.2527857142857142 0.2234645530337754 24.101 0.787 1.5936047904191621 167
90 7.5 1.2111600000000005 0.252932035139877 24.101 0.77 1.5251148325358856 209
100 7.2 1.2911111111111104 0.8312439566289183 24.101 0.742 1.442204225352113 284
