0 0.1 1.859340535037611 0 1.859340535037611 1.859340535037611 0 0
10 0.1 0.30060120240480964 0.0 1.859340535037611 0.30060120240480964 1.859340535037611 1
20 0.1 1.7999999999999998 0.0 1.859340535037611 0.30060120240480964 1.0799708687212104 2
30 0.1 0.2004008016032064 0.0 1.859340535037611 0.2004008016032064 1.3199805791474735 3
40 0.1 1.7034068136272544 0.0 1.859340535037611 0.2004008016032064 1.0400856347614067 4
50 0.1 0.10030090270812438 0.0 1.859340535037611 0.10030090270812438 1.1727498705345762 5
60 0.1 0.3 0.0 1.859340535037611 0.10030090270812438 0.9940083758968342 6
70 0.1 1.809045226130653 0.0 1.859340535037611 0.10030090270812438 0.8948643221972865 7
80 0.1 0.10050251256281408 0.0 1.859340535037611 0.10030090270812438 1.0091369351889572 8
90 0.1 0.3009027081243731 0.0 1.859340535037611 0.10030090270812438 0.9081775548971636 9
100 0.1 0.5025125628140703 0.0 1.859340535037611 0.10030090270812438 0.8474500702198844 10
