0 0.1 3516.66796875 0 3516.66796875 3516.66796875 0 0
10 0.1 3518.51953125 0.0 3518.51953125 3516.66796875 3516.66796875 1
20 0.1 3518.72265625 0.0 3518.72265625 3516.66796875 3517.59375 2
30 0.1 3518.48046875 0.0 3518.72265625 3516.66796875 3517.9700520833335 3
40 0.1 3517.828125 0.0 3518.72265625 3516.66796875 3518.09765625 4
50 0.1 3517.78125 0.0 3518.72265625 3516.66796875 3518.04375 5
60 0.1 3517.78515625 0.0 3518.72265625 3516.66796875 3518.0 6
70 0.1 3517.26953125 0.0 3518.72265625 3516.66796875 3517.969308035714 7
80 0.1 3517.15625 0.0 3518.72265625 3516.66796875 3517.8818359375 8
90 0.1 3516.89453125 0.0 3518.72265625 3516.66796875 3517.801215277778 9
100 0.1 3516.7265625 0.0 3518.72265625 3516.66796875 3517.710546875 10
