0 1 11.14 5.795950034291185 24.936 7.104 0 0
10 0.8 8.1355 0.9442834585017362 24.936 6.98 11.14 10
20 1.2 8.304250000000001 1.3081237279019133 24.936 6.98 9.804666666666668 18
30 2.1 8.692571428571428 2.263770234248473 24.936 5.821 9.2045 30
40 2 8.0716 1.1543902459740378 24.936 5.821 8.993705882352941 51
50 1.9 8.364263157894735 1.1989032199255791 24.936 5.821 8.733957746478874 71
60 4 8.1849 3.6192166818249496 30.074 5.427 8.655911111111111 90
70 3.7 7.674162162162163 0.9986098855074301 30.074 5.427 8.510984615384617 130
80 4.2 7.780857142857144 1.1346289003443366 30.074 5.427 8.325580838323354 167
90 7.5 7.724266666666669 1.4023554407575216 30.074 5.316 8.216114832535887 209
100 7.2 7.581430555555555 1.350422226424726 30.074 5.294 8.086225352112677 284
