0 1 13.3428 6.491196219496065 29.678 9.02 0 0
10 0.8 10.056625000000002 0.9585495471674897 29.678 8.876 13.3428 10
20 1.2 10.56816666666667 2.1954771627649006 29.678 8.876 11.88227777777778 18
30 2.1 10.606238095238096 2.2590110753488464 29.678 7.783 11.356633333333336 30
40 2 9.9845 1.1367699195527652 29.678 7.783 11.04764705882353 51
50 1.9 10.46421052631579 1.5708831769672345 29.678 7.783 10.748169014084509 71
60 4.2 10.115095238095238 3.5259271040835003 31.957 7.429 10.688222222222224 90
70 3.7 9.628864864864866 0.9893236062859873 31.957 7.429 10.505863636363637 132
80 4 9.714650000000002 1.145452477189691 31.957 7.429 10.313857988165681 169
90 7.7 9.672571428571429 1.3694033436592858 31.957 7.32 10.199177033492823 209
100 7.1 9.66619718309859 1.621584103083262 31.957 7.319 10.057398601398601 286
