0 0.6 3.048 3.680253297442084 11.272 1.264 0 0
10 1.2 1.48425 0.3431933675058421 11.272 1.192 3.048 6
20 0.7 1.185 0.0940151963400446 11.272 0.976 2.0055 18
30 2.5 1.19692 0.13776876859433715 11.272 0.94 1.7757600000000002 25
40 1.9 1.270894736842105 0.18484841435102614 11.272 0.94 1.4863400000000002 50
50 1.7 1.3793529411764707 0.5066570880233401 11.272 0.94 1.4270144927536232 69
60 3 1.7027666666666663 2.0202300311818178 12.482 0.94 1.4175930232558138 86
70 3.5 1.2424285714285714 0.21328134145359484 12.482 0.94 1.4913448275862067 116
80 2.3 1.3633913043478258 0.7991082932070044 12.482 0.927 1.4336490066225165 151
90 8.1 1.079740740740741 0.15926899195066865 12.482 0.805 1.4243620689655172 174
100 8.1 1.3743456790123456 2.4925014663021496 23.58 0.796 1.3148941176470588 255
110 8.7 1.0678045977011492 0.16223077355084975 23.58 0.786 1.3292261904761904 336
120 0 0 0 23.58 0.786 1.2754586288416072 423
130 0 0 0 23.58 0.786 1.2754586288416072 423
140 0 0 0 23.58 0.786 1.2754586288416072 423
