0 0.1 7.068178471506406 0 7.068178471506406 7.068178471506406 0 0
10 0.1 0.6979062811565304 0.0 7.068178471506406 0.6979062811565304 7.068178471506406 1
20 0.1 2.8000000000000003 0.0 7.068178471506406 0.6979062811565304 3.8830423763314683 2
30 0.1 0.5 0.0 7.068178471506406 0.5 3.5220282508876455 3
40 0.1 2.788844621513944 0.0 7.068178471506406 0.5 2.766521188165734 4
50 0.1 0.999000999000999 0.0 7.068178471506406 0.5 2.770985874835376 5
60 0.1 0.8991008991008992 0.0 7.068178471506406 0.5 2.475655062196313 6
70 0.1 3.286852589641434 0.0 7.068178471506406 0.5 2.250433038896968 7
80 0.1 1.2012012012012012 0.0 7.068178471506406 0.5 2.379985482740026 8
90 0.1 3.0784508440913605 0.0 7.068178471506406 0.5 2.2490094514579346 9
100 0.1 2.68389662027833 0.0 7.068178471506406 0.5 2.331953590721277 10
110 0.1 2.788844621513944 0.0 7.068178471506406 0.5 2.3639484115901 11
120 0.1 4.095904095904096 0.0 7.068178471506406 0.5 2.399356429083754 12
130 0.1 1.6983016983016983 0.0 7.068178471506406 0.5 2.5298600957622415 13
140 0.1 0.4995004995004995 0.0 7.068178471506406 0.4995004995004995 2.470463067372203 14
