0 0.1 3522.9765625 0 3522.9765625 3522.9765625 0 0
10 0.1 3522.7109375 0.0 3522.9765625 3522.7109375 3522.9765625 1
20 0.1 3519.15625 0.0 3522.9765625 3519.15625 3522.84375 2
30 0.1 3518.9453125 0.0 3522.9765625 3518.9453125 3521.6145833333335 3
40 0.1 3515.91015625 0.0 3522.9765625 3515.91015625 3520.947265625 4
50 0.1 3514.96875 0.0 3522.9765625 3514.96875 3519.93984375 5
60 0.1 3514.83984375 0.0 3522.9765625 3514.83984375 3519.111328125 6
70 0.1 3514.45703125 0.0 3522.9765625 3514.45703125 3518.5011160714284 7
80 0.1 3509.5703125 0.0 3522.9765625 3509.5703125 3517.99560546875 8
90 0.1 3510.7734375 0.0 3522.9765625 3509.5703125 3517.0594618055557 9
100 0.1 3501.7890625 0.0 3522.9765625 3501.7890625 3516.430859375 10
110 0.1 3496.10546875 0.0 3522.9765625 3496.10546875 3515.099786931818 11
120 0.1 3488.390625 0.0 3522.9765625 3488.390625 3513.5169270833335 12
130 0.1 3488.640625 0.0 3522.9765625 3488.390625 3511.5841346153848 13
140 0.1 3488.7421875 0.0 3522.9765625 3488.390625 3509.9453125 14
