0 0.1 0.01171875 0 0.01171875 0.01171875 0 0
10 0.1 0.01171875 0.0 0.01171875 0.01171875 0.01171875 1
20 0.1 0.0 0.0 0.01171875 0.0 0.01171875 2
30 0.1 0.0 0.0 0.01171875 0.0 0.0078125 3
40 0.1 0.0 0.0 0.01171875 0.0 0.005859375 4
50 0.1 0.0 0.0 0.01171875 0.0 0.0046875 5
60 0.1 0.0 0.0 0.01171875 0.0 0.00390625 6
70 0.1 0.0 0.0 0.01171875 0.0 0.0033482142857142855 7
80 0.1 0.0 0.0 0.01171875 0.0 0.0029296875 8
90 0.1 0.0 0.0 0.01171875 0.0 0.0026041666666666665 9
100 0.1 0.0 0.0 0.01171875 0.0 0.00234375 10
110 0.1 0.0 0.0 0.01171875 0.0 0.002130681818181818 11
120 0.1 0.0 0.0 0.01171875 0.0 0.001953125 12
130 0.1 0.078125 0.0 0.078125 0.0 0.0018028846153846155 13
140 0.1 0.0703125 0.0 0.078125 0.0 0.007254464285714286 14
