0 1.8 98.8725 112.58857807682409 328.572 6.748 0 0
10 6.8 52.01083823529411 97.3650147254574 328.572 3.031 98.8725 18
20 4.6 44.877413043478285 93.1297961411165 328.572 3.031 61.8190930232558 86
30 10.4 87.05183653846156 199.24915710125305 1037.101 3.031 55.91517424242424 132
40 12.1 47.16257851239672 99.24061113963275 1037.101 3.031 69.6364152542373 236
50 11.4 55.65516666666666 104.82193875220239 1037.101 2.67 62.01923249299721 357
60 14.1 47.38632624113475 99.044663244911 1037.101 2.67 60.47888535031848 471
70 19.9 63.24028140703522 132.77094507701761 1037.101 2.67 57.46246241830065 612
80 15.7 61.00437579617832 121.45153747346178 1037.101 2.67 58.880200986436506 811
90 30.2 243.73736092715228 572.8007297618785 4129.762 2.67 59.22472107438017 968
100 40.6 834.9248620689659 1057.8706667310798 5525.665 2.67 103.10095511811022 1270
110 45.5 1198.7293450549446 1059.7213338579168 5525.665 2.67 280.38049343675425 1676
120 32.4 1782.9910956790131 1510.0093336023574 6715.29 2.67 476.46154809948376 2131
130 8 14.116624999999999 49.226267619629404 6715.29 2.67 648.8915169042771 2455
140 0.3 4.517666666666666 0.04870546398734161 6715.29 2.67 628.8591731755425 2535
