10 0.1 111 0 111 111 0 0
20 0.1 508.0 0.0 508 111 111.0 1
30 0.1 216.0 0.0 508 111 309.5 2
40 0.1 645.0 0.0 645 111 278.3333333333333 3
50 0.1 593.0 0.0 645 111 370.0 4
60 0.1 405.0 0.0 645 111 414.6 5
70 0.1 841.0 0.0 841 111 413.0 6
80 0.1 881.0 0.0 881 111 474.14285714285717 7
90 0.1 817.0 0.0 881 111 525.0 8
100 0.1 1755.0 0.0 1755 111 557.4444444444445 9
110 0.1 2238.0 0.0 2238 111 677.2 10
120 0.1 2205.0 0.0 2238 111 819.0909090909091 11
130 0.1 1242.0 0.0 2238 111 934.5833333333334 12
140 0.1 169.0 0.0 2238 111 958.2307692307693 13
