10 0.1 112 0 112 112 0 0
20 0.1 660.0 0.0 660 112 112.0 1
30 0.1 234.0 0.0 660 112 386.0 2
40 0.1 777.0 0.0 777 112 335.3333333333333 3
50 0.1 645.0 0.0 777 112 445.75 4
60 0.1 443.0 0.0 777 112 485.6 5
70 0.1 975.0 0.0 975 112 478.5 6
80 0.1 951.0 0.0 975 112 549.4285714285714 7
90 0.1 967.0 0.0 975 112 599.625 8
100 0.1 1788.0 0.0 1788 112 640.4444444444445 9
110 0.1 2211.0 0.0 2211 112 755.2 10
120 0.1 2213.0 0.0 2213 112 887.5454545454545 11
130 0.1 1255.0 0.0 2213 112 998.0 12
140 0.1 211.0 0.0 2213 112 1017.7692307692307 13
