0 0.1 5789.727 0 5789.727 5789.727 0 0
10 0.9 7513.752444444444 2678.0041764632238 12609.677 4635.829 5789.727 1
20 1.1 10981.429454545454 5129.211281833093 20512.67 4015.158 7341.349899999999 10
30 0.7 7217.032857142856 1862.0270256462386 20512.67 4015.158 9248.058238095238 21
40 2.5 7783.0344000000005 3431.9355646220633 20512.67 2598.278 8740.301892857142 28
50 1.8 8049.872166666666 4140.407051337925 20512.67 2277.643 8288.760622641508 53
60 1.8 9310.336388888889 5698.839461260093 27332.44 2277.643 8228.197352112677 71
70 3.4 8006.567470588237 3529.432896110209 27332.44 2277.643 8447.05693258427 89
80 2.8 10181.258785714288 4702.217579639118 27332.44 1966.184 8325.295617886179 123
90 2.7 7213.1528148148145 2496.873272698966 27332.44 1966.184 8669.447728476822 151
100 5.5 10689.658636363636 3744.2881363089878 27332.44 1966.184 8448.549061797752 178
110 6.2 13925.099967741939 3832.997474207599 27332.44 1966.184 8977.566343347638 233
120 8.1 15958.04160493827 3375.664734365589 27332.44 1966.184 10017.386969491525 295
130 4.4 17857.448409090903 3386.321764774935 27332.44 1966.184 11297.155654255319 376
140 0.3 30300.400666666665 5815.396537075603 35697.835 1966.184 11984.424419047617 420
