0 2.9 8.1893448275862 5.754489930815114 32.629 0.991 0 0
10 6.1 6.365786885245902 2.7991865979816004 32.629 0.8 8.1893448275862 29
20 7.6 6.85019736842105 4.650418427749376 38.212 0.8 6.953377777777776 90
30 10.2 6.729901960784312 2.7506838062839973 38.212 0.8 6.906138554216866 166
40 15.7 6.72784713375796 3.396316556944577 38.212 0.724 6.839063432835819 268
50 21.5 6.699116279069768 2.7507051274367966 38.212 0.724 6.79797882352941 425
60 23.5 7.0535446808510605 4.00079711540612 38.212 0.595 6.764767187499999 640
70 32.5 6.873279999999995 2.9781262408123967 38.212 0.595 6.842324571428569 875
80 38.1 6.681249343832027 3.358228316540825 38.212 0.595 6.850708333333331 1200
90 42.5 6.867656470588231 3.2615624952195583 38.212 0.595 6.809870967741935 1581
100 74.5 6.675970469798659 4.35451888886595 84.491 0.563 6.822113659022929 2006
110 79.1 7.496584070796448 4.252742075206205 84.491 0.563 6.782536532170119 2751
120 74 7.161335135135124 3.9545014905846 84.491 0.563 6.941997741389042 3542
130 47.7 8.329505241090157 4.925783199915739 84.491 0.563 6.979902849135914 4282
140 32.5 7.809156923076935 3.2272530605630556 84.491 0.563 7.1151750367724285 4759
150 22.8 8.346517543859655 3.0235598564990522 84.491 0.563 7.159538552321005 5084
160 16.3 8.666226993865031 3.3920570957918486 84.491 0.563 7.2104856927710825 5312
170 9 8.689377777777777 2.8936485449564184 84.491 0.563 7.253825570776255 5475
180 4.3 8.877720930232558 2.577640595272959 84.491 0.563 7.27704204851752 5565
190 3.2 9.94475 4.656155415146707 84.491 0.563 7.289315442225391 5608
200 3.2 8.950968749999998 2.5315121775874267 84.491 0.563 7.304381737588652 5640
210 0.4 8.17725 2.8839319838546817 84.491 0.563 7.313671368124117 5672
220 0.3 8.292333333333334 0.823845589631671 84.491 0.563 7.314279950669484 5676
224 0.2 7.009 2.032 84.491 0.563 7.314796619123085 5679
