10 0.1 131 0 131 131 0 0
20 0.1 274.0 0.0 274 131 131.0 1
30 0.1 271.0 0.0 274 131 202.5 2
40 0.1 492.0 0.0 492 131 225.33333333333334 3
50 0.1 519.0 0.0 519 131 292.0 4
60 0.1 675.0 0.0 675 131 337.4 5
70 0.1 822.0 0.0 822 131 393.6666666666667 6
80 0.1 1129.0 0.0 1129 131 454.85714285714283 7
90 0.1 1203.0 0.0 1203 131 539.125 8
100 0.1 1579.0 0.0 1579 131 612.8888888888889 9
110 0.1 2464.0 0.0 2464 131 709.5 10
120 0.1 2574.0 0.0 2574 131 869.0 11
130 0.1 2148.0 0.0 2574 131 1011.0833333333334 12
140 0.1 1187.0 0.0 2574 131 1098.5384615384614 13
150 0.1 862.0 0.0 2574 131 1104.8571428571427 14
160 0.1 633.0 0.0 2574 131 1088.6666666666665 15
170 0.1 445.0 0.0 2574 131 1060.1875 16
180 0.1 313.0 0.0 2574 131 1024.0 17
190 0.1 190.0 0.0 2574 131 984.5 18
200 0.1 270.0 0.0 2574 131 942.6842105263158 19
210 0.1 79.0 0.0 2574 79 909.05 20
220 0.1 12.0 0.0 2574 12 869.5238095238095 21
224 0.1 15.0 0.0 2574 12 830.5454545454545 22
