0 2.9 8.1893448275862 5.754489930815114 32.629 0.991 0 0
10 6.1 6.365786885245902 2.7991865979816004 32.629 0.8 8.1893448275862 29
20 7.6 6.85019736842105 4.650418427749376 38.212 0.8 6.953377777777776 90
30 11.3 6.066345132743361 2.3067768716871266 38.212 0.8 6.906138554216866 166
40 17 6.208129411764705 3.032285776491295 38.212 0.724 6.566007168458779 279
50 24.7 5.822315789473685 2.387569956469998 38.212 0.724 6.430507795100222 449
60 27.5 6.017458181818179 3.4783033242550845 38.212 0.595 6.214669540229885 696
70 35.9 6.215657381615591 2.6200224035583095 38.212 0.595 6.158816683831101 971
80 44.2 5.749830316742084 2.697319291089844 38.212 0.595 6.174159398496237 1330
90 48.9 5.960351738241312 2.8497907918410084 38.212 0.595 6.06831659142212 1772
100 82.2 6.044569343065697 3.9826756047518392 84.491 0.563 6.044966386554621 2261
110 94.2 6.283591295116765 3.520457080987491 84.491 0.563 6.044860525462212 3083
120 88.2 5.997561224489796 3.0520612586453204 84.491 0.563 6.100732422360247 4025
130 67 5.909649253731338 3.382469615879821 84.491 0.563 6.082188098634602 4907
140 47.5 5.321094736842105 1.87761590642963 84.491 0.563 6.061459924690692 5577
150 35.5 5.333 1.3378325523129444 84.491 0.563 6.003351288830136 6052
160 25.5 5.512529411764707 1.9087198538568984 84.491 0.563 5.96620836584985 6407
170 14.6 5.327123287671231 1.4018819341880722 84.491 0.563 5.9488429900930635 6662
180 6.8 5.58255882352941 1.0542510497749369 84.491 0.563 5.935509988249117 6808
190 5 6.335120000000001 3.7474364231565027 84.491 0.563 5.93201948807446 6876
200 5.2 5.4729230769230774 0.8973019782863996 84.491 0.563 5.934929540860525 6926
210 0.6 5.425 0.3106262491591251 84.491 0.563 5.931486672398966 6978
220 0.5 4.934 1.0993166968621921 84.491 0.563 5.9310515463917515 6984
224 0.3 4.6450000000000005 0.2391707897437868 84.491 0.563 5.930338245814851 6989
