10 0.1 131 0 131 131 0 0
20 0.1 364.0 0.0 364 131 131.0 1
30 0.1 298.0 0.0 364 131 247.5 2
40 0.1 628.0 0.0 628 131 264.3333333333333 3
50 0.1 590.0 0.0 628 131 355.25 4
60 0.1 767.0 0.0 767 131 402.2 5
70 0.1 929.0 0.0 929 131 463.0 6
80 0.1 1277.0 0.0 1277 131 529.5714285714286 7
90 0.1 1460.0 0.0 1460 131 623.0 8
100 0.1 1777.0 0.0 1777 131 716.0 9
110 0.1 2773.0 0.0 2773 131 822.1 10
120 0.1 3007.0 0.0 3007 131 999.4545454545455 11
130 0.1 2614.0 0.0 3007 131 1166.75 12
140 0.1 1447.0 0.0 3007 131 1278.076923076923 13
150 0.1 1059.0 0.0 3007 131 1290.142857142857 14
160 0.1 857.0 0.0 3007 131 1274.7333333333333 15
170 0.1 522.0 0.0 3007 131 1248.625 16
180 0.1 456.0 0.0 3007 131 1205.8823529411766 17
190 0.1 321.0 0.0 3007 131 1164.2222222222222 18
200 0.1 480.0 0.0 3007 131 1119.842105263158 19
210 0.1 90.0 0.0 3007 90 1087.85 20
220 0.1 14.0 0.0 3007 14 1040.3333333333333 21
224 0.1 17.0 0.0 3007 14 993.6818181818181 22
