0 62.2125 62.2125
10 110.80390625 173.01640625
20 131.13671875 304.153125
30 187.528125 491.68125
40 263.73671875 755.41796875
50 365.47734375 1120.8953125
60 400.01875 1520.9140625
70 587.73671875 2108.65078125
80 625.946875 2734.59765625
90 788.8609375 3523.45859375
100 1281.27734375 4804.7359375
110 1325.02734375 6129.76328125
120 1155.76953125 7285.5328125
130 727.40390625 8012.93671875
140 512.38671875 8525.3234375
150 363.2625 8888.5859375
160 260.159375 9148.7453125
170 144.6703125 9293.415625
180 68.86484375 9362.28046875
190 51.17734375 9413.4578125
200 51.44921875 9464.90703125
210 6.396875 9471.30390625
220 4.81171875 9476.115625
224 3.1984375 9479.3140625
