0 0.3 5.800333333333334 5.974852875919949 14.25 1.55 0 0
10 0.6 2.4181666666666666 1.487178695457349 14.25 1.188 5.800333333333334 3
20 1.2 1.4790833333333335 0.14500371163831943 14.25 1.188 3.5455555555555556 9
30 1.1 1.998545454545455 0.9540045133909211 14.25 1.161 2.364714285714286 21
40 1.8 1.4698888888888888 0.24513531158862922 14.25 1.025 2.2388437500000005 32
50 2 1.8357500000000002 1.6500013901509296 14.25 1.025 1.9620200000000003 50
60 2.8 2.235285714285714 4.004203299187553 22.961 1.025 1.9259428571428576 70
70 3.5 1.4467142857142854 0.5481362485174426 22.961 0.946 2.0143265306122453 98
80 3.9 1.4463846153846158 0.26674809161210167 22.961 0.946 1.8649548872180455 133
90 5.4 1.4628703703703705 0.25292123252670146 22.961 0.946 1.7700465116279076 172
100 8 1.4012624999999999 0.2683562344976355 22.961 0.924 1.6966504424778766 226
110 7.7 1.3233506493506502 0.41800515022719686 22.961 0.888 1.6194248366013075 306
120 4.4 1.8609772727272733 2.149129141690952 22.961 0.888 1.5599007832898175 383
130 1 1.6517999999999997 0.41692464546965785 22.961 0.888 1.5909250585480097 427
136 0 0 0 22.961 0.888 1.592318077803204 437
