0 0.1 11.446038090759464 0 11.446038090759464 11.446038090759464 0 0
10 0.1 1.2 0.0 11.446038090759464 1.2 11.446038090759464 1
20 0.1 3.681592039800995 0.0 11.446038090759464 1.2 6.3230190453797315 2
30 0.1 0.6006006006006006 0.0 11.446038090759464 0.6006006006006006 5.442543376853486 3
40 0.1 0.3009027081243731 0.0 11.446038090759464 0.3009027081243731 4.2320576827902645 4
50 0.1 0.30181086519114686 0.0 11.446038090759464 0.3009027081243731 3.4458266878570862 5
60 0.1 0.8008008008008007 0.0 11.446038090759464 0.3009027081243731 2.921824050746096 6
70 0.1 0.9018036072144289 0.0 11.446038090759464 0.3009027081243731 2.6188207293253396 7
80 0.1 0.9027081243731194 0.0 11.446038090759464 0.3009027081243731 2.404193589061476 8
90 0.1 0.6066734074823054 0.0 11.446038090759464 0.3009027081243731 2.23736187076277 9
100 0.1 1.6080402010050252 0.0 11.446038090759464 0.3009027081243731 2.074293024434723 10
110 0.1 1.4155712841253791 0.0 11.446038090759464 0.3009027081243731 2.031906404122932 11
120 0.1 1.812688821752266 0.0 11.446038090759464 0.3009027081243731 1.9805451441231359 12
130 0.1 1.8054162487462388 0.0 11.446038090759464 0.3009027081243731 1.9676331193253769 13
136 0.1 0.6018054162487462 0.0 11.446038090759464 0.3009027081243731 1.9560461999982957 14
