0 0.1 3524.015625 0 3524.015625 3524.015625 0 0
10 0.1 3523.21484375 0.0 3524.015625 3523.21484375 3524.015625 1
20 0.1 3520.96875 0.0 3524.015625 3520.96875 3523.615234375 2
30 0.1 3518.93359375 0.0 3524.015625 3518.93359375 3522.7330729166665 3
40 0.1 3517.84375 0.0 3524.015625 3517.84375 3521.783203125 4
50 0.1 3516.87109375 0.0 3524.015625 3516.87109375 3520.9953125 5
60 0.1 3516.45703125 0.0 3524.015625 3516.45703125 3520.3079427083335 6
70 0.1 3516.33984375 0.0 3524.015625 3516.33984375 3519.7578125 7
80 0.1 3516.08984375 0.0 3524.015625 3516.08984375 3519.33056640625 8
90 0.1 3509.74609375 0.0 3524.015625 3509.74609375 3518.9704861111113 9
100 0.1 3506.89453125 0.0 3524.015625 3506.89453125 3518.048046875 10
110 0.1 3498.8203125 0.0 3524.015625 3498.8203125 3517.034090909091 11
120 0.1 3490.14453125 0.0 3524.015625 3490.14453125 3515.5162760416665 12
130 0.1 3482.58984375 0.0 3524.015625 3482.58984375 3513.5646033653848 13
136 0.1 3481.34375 0.0 3524.015625 3481.34375 3511.352120535714 14
