0 0.1 0.05078125 0 0.05078125 0.05078125 0 0
10 0.1 0.0390625 0.0 0.05078125 0.0390625 0.05078125 1
20 0.1 0.0390625 0.0 0.05078125 0.0390625 0.044921875 2
30 0.1 0.03125 0.0 0.05078125 0.03125 0.04296875 3
40 0.1 0.01953125 0.0 0.05078125 0.01953125 0.0400390625 4
50 0.1 0.01953125 0.0 0.05078125 0.01953125 0.0359375 5
60 0.1 0.01953125 0.0 0.05078125 0.01953125 0.033203125 6
70 0.1 0.01171875 0.0 0.05078125 0.01171875 0.03125 7
80 0.1 0.01171875 0.0 0.05078125 0.01171875 0.02880859375 8
90 0.1 0.01171875 0.0 0.05078125 0.01171875 0.026909722222222224 9
100 0.1 0.01171875 0.0 0.05078125 0.01171875 0.025390625 10
110 0.1 0.01171875 0.0 0.05078125 0.01171875 0.024147727272727272 11
120 0.1 0.078125 0.0 0.078125 0.01171875 0.023111979166666668 12
130 0.1 0.0703125 0.0 0.078125 0.01171875 0.02734375 13
136 0.1 0.05859375 0.0 0.078125 0.01171875 0.030412946428571428 14
