0 1.2 73.901 98.71090671332458 279.005 4.469 0 0
10 2.7 52.08881481481481 95.12833854794076 279.005 3.397 73.901 12
20 6.3 48.00546031746032 89.95414126429996 279.005 3.143 58.80025641025641 39
30 6.2 50.088322580645176 94.75103378204858 340.025 3.143 52.13288235294118 102
40 9.4 54.23641489361701 96.52105705596168 340.025 3.143 51.35993902439025 164
50 10.5 87.41351428571427 158.63151274153836 781.664 3.143 52.40795736434109 258
60 14.5 55.64977931034481 103.97935803374588 781.664 3.143 62.53353168044077 363
70 19.6 71.98493877551017 125.2571146297639 781.664 2.766 60.5686811023622 508
80 22.5 91.87902222222228 164.23641940861947 1067.16 2.766 63.747071022727255 704
90 25.7 85.08555252918289 144.684860077454 1067.16 2.766 70.56051453175456 929
100 37.1 522.6926037735843 630.7721360140498 3703.553 2.766 73.70801433389545 1186
110 38.7 762.3091421188634 964.8744219858621 5593.563 2.766 180.69149710982646 1557
120 33.4 1718.9577994011988 2396.8902125332147 9085.696 0.684 296.47649125514397 1944
130 24.7 1017.1562226720654 2018.188801362155 9085.696 0.684 505.0404758560142 2278
136 0.7 4.384428571428571 0.5109042004532908 9085.696 0.684 555.1365508910893 2525
