10 0.1 133 0 133 133 0 0
20 0.1 351.0 0.0 351 133 133.0 1
30 0.1 322.0 0.0 351 133 242.0 2
40 0.1 259.0 0.0 351 133 268.6666666666667 3
50 0.1 478.0 0.0 478 133 266.25 4
60 0.1 554.0 0.0 554 133 308.6 5
70 0.1 690.0 0.0 690 133 349.5 6
80 0.1 946.0 0.0 946 133 398.14285714285717 7
90 0.1 1057.0 0.0 1057 133 466.625 8
100 0.1 1373.0 0.0 1373 133 532.2222222222222 9
110 0.1 1999.0 0.0 1999 133 616.3 10
120 0.1 2028.0 0.0 2028 133 742.0 11
130 0.1 1662.0 0.0 2028 133 849.1666666666666 12
136 0.1 654.0 0.0 2028 133 911.6923076923077 13
