10 0.1 194 0 194 194 0 0
20 0.1 529.0 0.0 529 194 194.0 1
30 0.1 335.0 0.0 529 194 361.5 2
40 0.1 268.0 0.0 529 194 352.6666666666667 3
50 0.1 490.0 0.0 529 194 331.5 4
60 0.1 558.0 0.0 558 194 363.2 5
70 0.1 711.0 0.0 711 194 395.6666666666667 6
80 0.1 961.0 0.0 961 194 440.7142857142857 7
90 0.1 1053.0 0.0 1053 194 505.75 8
100 0.1 1359.0 0.0 1359 194 566.5555555555555 9
110 0.1 1906.0 0.0 1906 194 645.8 10
120 0.1 1934.0 0.0 1934 194 760.3636363636364 11
130 0.1 1528.0 0.0 1934 194 858.1666666666666 12
136 0.1 728.0 0.0 1934 194 909.6923076923077 13
