0 0.1 6767.718 0 6767.718 6767.718 0 0
10 0.3 3886.9176666666667 1534.2924365883518 6767.718 2223.376 6767.718 1
20 1 7809.5416 5758.087499124813 20536.506 1389.478 4607.11775 4
30 1 8921.8609 4316.294937945168 20536.506 1389.478 6894.563357142857 14
40 1.3 8444.265615384613 3948.717943671173 20536.506 1389.478 7739.270666666666 24
50 1.6 9200.41875 3160.9566677839307 20536.506 1389.478 7986.971594594594 37
60 2.2 9037.709272727272 3776.808102676822 20536.506 1389.478 8353.295264150944 53
70 3 7958.6770333333325 3815.100370093221 20536.506 1389.478 8554.056706666666 75
80 3.3 8872.493999999999 3149.8652298503575 20536.506 1389.478 8383.94822857143 105
90 3.8 8316.149473684214 2961.521354468259 20536.506 1389.478 8500.774391304349 138
100 4.6 9190.167217391305 3357.2604183477056 20536.506 1389.478 8460.91219318182 176
110 5.7 11517.454456140355 3411.472593510315 23056.884 1389.478 8612.019090090093 222
120 4.5 15779.4994 3300.6419862115467 23056.884 1389.478 9205.60265949821 279
130 9.2 15957.641043478261 3944.6705643430737 29369.198 1389.478 10118.643873456793 324
136 0.6 21937.524666666664 4123.20494124266 29369.198 1389.478 11409.960555288464 416
