0 0.6 2.9036666666666666 3.1540769736256524 9.941 1.224 0 0
10 1.7 1.3633529411764707 0.29580437517674146 9.941 0.934 2.9036666666666666 6
20 1.6 1.5497499999999997 0.4316587917557106 9.941 0.934 1.7651739130434785 23
30 1.3 1.3183076923076924 0.31080847048535193 9.941 0.934 1.6767948717948717 39
40 3.1 1.4189354838709678 0.34273359686251115 9.941 0.934 1.587173076923077 52
50 2.9 2.8968275862068973 6.535380478958838 36.555 0.805 1.5243373493975905 83
60 3.4 1.7181470588235297 1.9088303491675507 36.555 0.805 1.879714285714286 112
70 5.6 1.4005535714285713 1.0388733409606163 36.555 0.762 1.8420890410958908 146
80 6.1 2.3662622950819676 1.9004147597485508 36.555 0.762 1.7196831683168319 202
90 8.9 1.5121573033707867 1.0228223444417692 36.555 0.762 1.8696501901140687 263
100 13 1.2597999999999991 0.43975222744002274 36.555 0.762 1.779261363636364 352
110 16.8 1.130904761904762 0.5133062327195654 36.555 0.762 1.6391576763485476 482
120 13.9 1.4068129496402877 1.944455199423767 36.555 0.762 1.5077938461538463 650
130 3.5 1.390457142857143 0.6474492078415833 36.555 0.762 1.4900038022813689 789
140 0.5 1.1442 0.23551594425855757 36.555 0.762 1.4857754854368932 824
150 0 0 0 36.555 0.762 1.4837153196622437 829
160 0 0 0 36.555 0.762 1.4837153196622437 829
170 0 0 0 36.555 0.762 1.4837153196622437 829
180 0.1 12.485 0.0 36.555 0.762 1.4837153196622437 829
190 0 0 0 36.555 0.762 1.4969698795180721 830
200 0.1 1.218 0.0 36.555 0.762 1.4969698795180721 830
210 0 0 0 36.555 0.762 1.4966341756919375 831
220 0 0 0 36.555 0.762 1.4966341756919375 831
223 0 0 0 36.555 0.762 1.4966341756919375 831
