0 2.3 33.869173913043475 69.24956869974129 341.9 1.18 0 0
10 5.1 19.78084313725491 46.41105698521847 341.9 0.655 33.869173913043475 23
20 6.2 19.752129032258065 38.981626963962704 341.9 0.634 24.159648648648652 74
30 9.9 9.406060606060606 9.513580124443465 341.9 0.634 22.15033823529412 136
40 13.5 15.679911111111132 39.33070867391152 341.9 0.634 16.781472340425534 235
50 14.2 249.2495633802817 2766.742119173399 33102.152 0.625 16.37955135135136 370
60 17.8 14.892932584269671 12.06043731929045 33102.152 0.544 80.96459375 512
70 31.6 121.33375632911397 1874.6238421053702 33389.964 0.536 63.92002028985508 690
80 31.7 331.98529022081976 3227.4405527048984 33492.936 0.536 81.95455367793242 1006
90 51 13.76197843137256 11.655064849270946 33492.936 0.536 141.8636568405139 1323
100 69.2 14.853523121387296 17.386197136629466 33492.936 0.522 106.22161865793775 1833
110 84.6 58.58872104018912 1181.5745122115452 34398.403 0.495 81.18133267326729 2525
120 93.8 91.28382409381653 1593.8476198271333 34791.894 0.495 75.51139810145354 3371
130 64.9 72.02376425269647 1396.5433033693857 35620.572 0.495 78.94480157809231 4309
140 57.2 141.1795506993007 2076.7036543081954 35620.572 0.495 78.03884086325127 4958
150 50 87.18447200000006 1614.1019693179146 36142.326 0.495 84.56985099457502 5530
160 32.5 127.14040923076921 2001.7492444283107 36157.957 0.495 84.78665207296847 6030
170 18.1 418.9265303867401 3813.4939576356514 36501.776 0.495 86.95265853658535 6355
180 10.8 15.898703703703696 12.248849965109544 36501.776 0.495 96.14593742350058 6536
190 6.2 1194.8636290322577 6457.953627339543 36594.934 0.495 94.84149714027693 6644
200 2.2 3331.697318181818 10473.519297689303 36594.934 0.495 105.0116987772144 6706
210 1.9 14.309421052631574 9.935911143109488 36594.934 0.495 115.56269218192625 6728
220 0.2 19.2075 12.810500000000001 36594.934 0.495 115.27755624722096 6747
223 0.3 17.388 16.398247711264766 36594.934 0.495 115.24908682767816 6749
