0 0.1 4.683549550296349 0 4.683549550296349 4.683549550296349 0 0
10 0.1 1.3 0.0 4.683549550296349 1.3 4.683549550296349 1
20 0.1 3.7773359840954273 0.0 4.683549550296349 1.3 2.9917747751481745 2
30 0.1 0.3988035892323031 0.0 4.683549550296349 0.3988035892323031 3.253628511463925 3
40 0.1 0.9881422924901186 0.0 4.683549550296349 0.3988035892323031 2.5399222809060196 4
50 0.1 1.1952191235059761 0.0 4.683549550296349 0.3988035892323031 2.2295662832228396 5
60 0.1 1.2 0.0 4.683549550296349 0.3988035892323031 2.057175089936696 6
70 0.1 1.2024048096192386 0.0 4.683549550296349 0.3988035892323031 1.934721505660025 7
80 0.1 3.9761431411530817 0.0 4.683549550296349 0.3988035892323031 1.8431819186549268 8
90 0.1 1.8962075848303395 0.0 4.683549550296349 0.3988035892323031 2.0801776100436107 9
100 0.1 1.9114688128772637 0.0 4.683549550296349 0.3988035892323031 2.0617806075222833 10
110 0.1 3.3165829145728645 0.0 4.683549550296349 0.3988035892323031 2.0481158989181907 11
120 0.1 4.509018036072145 0.0 4.683549550296349 0.3988035892323031 2.1538214835560803 12
130 0.1 3.714565004887586 0.0 4.683549550296349 0.3988035892323031 2.334990449134239 13
140 0.1 3.9100684261974585 0.0 4.683549550296349 0.3988035892323031 2.4335314888309063 14
150 0.1 1.4042126379137412 0.0 4.683549550296349 0.3988035892323031 2.531967284655343 15
160 0.1 1.103309929789368 0.0 4.683549550296349 0.3988035892323031 2.461482619233993 16
170 0.1 0.8032128514056224 0.0 4.683549550296349 0.3988035892323031 2.3815901080901916 17
180 0.1 0.7014028056112225 0.0 4.683549550296349 0.3988035892323031 2.293902482718827 18
190 0.1 0.5005005005005005 0.0 4.683549550296349 0.3988035892323031 2.2100867102394792 19
200 0.1 0.4 0.0 4.683549550296349 0.3988035892323031 2.1246073997525303 20
210 0.1 0.49800796812749004 0.0 4.683549550296349 0.3988035892323031 2.0424832378595528 21
220 0.1 0.1998001998001998 0.0 4.683549550296349 0.1998001998001998 1.9722798165080953 22
230 0.1 0.0 0.0 4.683549550296349 0.0 1.8952154853468826 23
240 0.1 1.8924302788844622 0.0 4.683549550296349 0.0 1.816248173457429 24
250 0.1 0.10010010010010009 0.0 4.683549550296349 0.0 1.8192954576745104 25
260 0.1 0.0 0.0 4.683549550296349 0.0 1.7531725593062637 26
270 0.1 0.1 0.0 4.683549550296349 0.0 1.6882402422949208 27
275 0.1 0.0 0.0 4.683549550296349 0.0 1.6315173764986735 28
