0 2.3 75.32086956521738 102.96889949642427 279.217 6.314 0 0
10 4.6 63.76563043478261 121.11808938268159 522.304 3.156 75.32086956521738 23
20 4 925.0379999999998 1952.8440993998342 5246.976 3.156 67.6173768115942 69
30 8.1 780.7206419753089 1852.294935258803 5378.874 0.575 382.2671467889908 109
40 13.2 1617.4984318181819 5801.240181010718 38398.209 0.575 552.1341631578948 190
50 19.9 1375.2962311557783 5230.8727178740655 43414.479 0.575 988.8673416149068 322
60 23.7 1323.760050632912 5801.942841443439 45354.253 0.575 1136.4668598848368 521
70 29.8 1015.7422718120791 2019.300475264346 45354.253 0.575 1195.0268680738789 758
80 38.1 705.9415800524939 1757.6724659778781 45354.253 0.54 1144.4332982954543 1056
90 43.8 831.0662191780818 1857.3006248108738 45354.253 0.54 1028.1734899095336 1437
100 57.5 1388.1369895652163 5688.682144152726 59715.268 0.54 982.1292314666664 1875
110 75.6 1609.5773320105814 5045.927819450994 59883.794 0.54 1077.4167665306118 2450
120 65 1901.773149230769 1798.3977204404232 59883.794 0.54 1202.904410792264 3206
130 85.5 1106.788989473685 2030.6625441900494 59883.794 0.54 1320.7116410788376 3856
140 58.6 261.3756331058019 1104.092532812506 59883.794 0.54 1281.886791339418 4711
150 49.8 225.82457028112464 1027.6022803204746 59883.794 0.54 1168.9890117047382 5297
160 37.6 324.1294042553192 1222.32871538217 59883.794 0.54 1087.9370890422774 5795
170 31.5 477.33195555555506 3532.701879218569 59883.794 0.54 1041.3981667476905 6171
180 21.1 1136.033786729858 8159.200806069051 59979.608 0.54 1014.0036467776747 6486
190 11.1 2133.4210990991 11024.162520372523 59979.608 0.54 1017.8484070479316 6697
200 6.9 854.7088840579712 7030.773915904694 59979.608 0.54 1036.037092244418 6808
210 2 14.914999999999996 54.27172606155068 59979.608 0.54 1034.2177456739855 6877
220 0.6 2.086666666666667 1.0025816120839683 59979.608 0.54 1031.2619598376102 6897
230 0.5 2.3688 0.343126448995119 59979.608 0.54 1030.367413733159 6903
240 0.3 2.263666666666667 0.2880466783160134 59979.608 0.54 1029.6233498841918 6908
250 0.5 21904.101399999996 26825.135608002412 59979.608 0.54 1029.1773827231946 6911
260 1.4 3931.1614999999997 14161.932528873334 59979.608 0.54 1044.2691438692884 6916
270 0.9 4.829444444444444 3.8720922598946172 59979.608 0.54 1050.1012496392493 6930
275 0.5 5.0192000000000005 2.6926792159483095 59979.608 0.54 1048.7455144833546 6939
