0 1.1 3.558363636363637 6.822859135059106 25.072 0.919 0 0
10 1 1.4169 0.18543648508316804 25.072 0.919 3.558363636363637 11
20 0.5 1.2126000000000001 0.10188738881726236 25.072 0.919 2.538619047619048 21
30 1.2 1.2571666666666668 0.1769504795761295 25.072 0.919 2.283615384615385 26
40 1.9 1.0217368421052633 0.13590818963947804 25.072 0.809 1.9594736842105265 38
50 1.9 1.1278947368421053 0.18142415980726728 25.072 0.809 1.6468947368421056 57
60 4.2 1.2087619047619047 0.898346889451312 25.072 0.756 1.5171447368421056 76
70 4.6 0.9835434782608694 0.14437160784973996 25.072 0.756 1.4073813559322037 118
80 5 1.0634800000000002 0.7937301869023251 25.072 0.756 1.2885000000000002 164
90 5.8 1.1108793103448278 0.3209995207637526 25.072 0.756 1.23592523364486 214
100 9 1.0437333333333336 0.25945009368106053 25.072 0.756 1.2092610294117652 272
110 11.1 1.0434054054054054 0.7021659589047698 25.072 0.756 1.1681077348066302 362
120 6.7 1.1848208955223885 1.1664663556941375 25.072 0.744 1.1388435517970403 473
130 3.9 1.0409230769230764 0.13341709893401402 25.072 0.744 1.1445481481481485 540
140 0.5 1.2566 0.1644294377537064 25.072 0.744 1.137568221070812 579
150 0 0 0 25.072 0.744 1.1385873287671235 584
160 0 0 0 25.072 0.744 1.1385873287671235 584
170 0.1 1.081 0.0 25.072 0.744 1.1385873287671235 584
180 0 0 0 25.072 0.744 1.138488888888889 585
190 0 0 0 25.072 0.744 1.138488888888889 585
200 0 0 0 25.072 0.744 1.138488888888889 585
210 0 0 0 25.072 0.744 1.138488888888889 585
220 0.1 6.493 0.0 25.072 0.744 1.138488888888889 585
230 0.2 1.1745 0.04050000000000015 25.072 0.744 1.1476262798634815 586
240 0 0 0 25.072 0.744 1.1477176870748302 588
250 0 0 0 25.072 0.744 1.1477176870748302 588
260 0.1 1.328 0.0 25.072 0.744 1.1477176870748302 588
270 0 0 0 25.072 0.744 1.14802376910017 589
280 0 0 0 25.072 0.744 1.14802376910017 589
290 0 0 0 25.072 0.744 1.14802376910017 589
300 0.1 22.107 0.0 25.072 0.744 1.14802376910017 589
310 0 0 0 25.072 0.744 1.1835474576271188 590
320 0 0 0 25.072 0.744 1.1835474576271188 590
