10 0.1 376 0 376 376 0 0
20 0.1 227.0 0.0 376 227 376.0 1
30 0.1 408.0 0.0 408 227 301.5 2
40 0.1 305.0 0.0 408 227 337.0 3
50 0.1 444.0 0.0 444 227 329.0 4
60 0.1 489.0 0.0 489 227 352.0 5
70 0.1 891.0 0.0 891 227 374.8333333333333 6
80 0.1 1082.0 0.0 1082 227 448.57142857142856 7
90 0.1 1072.0 0.0 1082 227 527.75 8
100 0.1 1393.0 0.0 1393 227 588.2222222222222 9
110 0.1 2013.0 0.0 2013 227 668.7 10
120 0.1 2269.0 0.0 2269 227 790.9090909090909 11
130 0.1 1705.0 0.0 2269 227 914.0833333333334 12
140 0.1 1042.0 0.0 2269 227 974.9230769230769 13
150 0.1 1256.0 0.0 2269 227 979.7142857142857 14
160 0.1 955.0 0.0 2269 227 998.1333333333333 15
170 0.1 913.0 0.0 2269 227 995.4375 16
180 0.1 795.0 0.0 2269 227 990.5882352941177 17
190 0.1 698.0 0.0 2269 227 979.7222222222222 18
200 0.1 713.0 0.0 2269 227 964.8947368421053 19
210 0.1 613.0 0.0 2269 227 952.3 20
220 0.1 403.0 0.0 2269 227 936.1428571428571 21
230 0.1 702.0 0.0 2269 227 911.9090909090909 22
240 0.1 373.0 0.0 2269 227 902.7826086956521 23
250 0.1 215.0 0.0 2269 215 880.7083333333334 24
260 0.1 156.0 0.0 2269 156 854.08 25
270 0.1 196.0 0.0 2269 156 827.2307692307693 26
280 0.1 130.0 0.0 2269 130 803.8518518518518 27
290 0.1 233.0 0.0 2269 130 779.7857142857143 28
300 0.1 5.0 0.0 2269 5 760.9310344827586 29
310 0.1 31.0 0.0 2269 5 735.7333333333333 30
320 0.1 8.0 0.0 2269 5 713.0 31
