90 0.1 19420.818 0 19420.818 19420.818 0 0
100 0.5 32400.6022 4171.808955266595 38546.218 19420.818 19420.818 1
110 0.4 62112.6455 21539.569427685226 96099.809 19420.818 30237.30483333333 6
120 0.9 41540.68111111111 7593.436658211563 96099.809 19420.818 42987.4411 10
130 1.3 38195.673 11848.060928582305 96099.809 19420.818 42302.1337368421 19
140 3.2 43460.118437500016 11721.087090197952 96099.809 19420.818 40633.8840625 32
150 3.3 57676.87393939396 32699.170482304682 151877.29 19420.818 42047.00125000001 64
160 3.8 63192.177078947374 28383.652940699823 157099.322 19420.818 47364.38061855672 97
170 3.3 78992.52651515153 34559.35667091117 175216.15 19420.818 51819.61221481483 135
180 2.7 110148.68796296297 36650.55922018508 176826.126 19420.818 57157.148952380965 168
190 3.7 121124.06502702704 31873.664837959397 195578.939 19420.818 64494.43896923079 195
200 4.4 132078.49943181817 28297.154961744556 203644.463 19420.818 73525.88795258621 232
210 2.2 141043.9965 30302.904200357196 209076.619 19420.818 82860.36224637683 276
220 5.5 143020.48256363635 27044.73251228375 209076.619 19420.818 87155.79833221478 298
230 2.3 150103.18973913047 20701.030282710526 209076.619 19420.818 95859.92760339945 353
240 1.7 157532.65005882352 18536.060252755124 209076.619 19420.818 99177.99948936171 376
250 0.7 164866.017 17638.01954206706 209076.619 19420.818 101702.2464605598 393
260 0.9 182927.81033333333 31163.1487558859 225445.651 19420.818 102807.61244500002 400
270 1.3 187456.82476923076 32162.77053641386 260149.449 19420.818 104570.6485843521 409
280 0.3 213932.258 34644.5312401111 260149.449 19420.818 107124.01420142181 422
290 0.1 231945.071 0.0 260149.449 19420.818 107877.95474588237 425
300 0.1 203004.585 0.0 260149.449 19420.818 108169.19210798123 426
310 0 0 0 260149.449 19420.818 108391.28904683843 427
320 0.1 225394.495 0.0 260149.449 19420.818 108391.28904683843 427
