0 0.4 5.787000000000001 7.2857372653699235 18.405 1.436 0 0
10 1.4 1.6804999999999997 1.0126782559134961 18.405 0.965 5.787000000000001 4
20 1.6 2.8812499999999996 1.8154210083338795 18.405 0.965 2.5930555555555554 18
30 1.5 2.347133333333333 1.550711400902466 18.405 0.965 2.728676470588235 34
40 2.4 1.595583333333333 0.7966589042508859 18.405 0.879 2.6118775510204078 49
50 4.2 1.3543333333333334 0.3054815610261676 18.405 0.832 2.277753424657534 73
60 4 1.6514249999999997 1.4672175518221553 18.405 0.832 1.9405043478260868 115
70 5.5 1.445218181818182 0.7152665031850104 18.405 0.827 1.8659032258064514 155
80 6 1.3155000000000001 0.27646467526008944 18.405 0.784 1.7557238095238095 210
90 6.4 1.2976406250000003 0.3053632758283311 18.405 0.784 1.6578962962962964 270
100 10 1.3133300000000003 0.3574565163764678 18.405 0.784 1.5888652694610779 334
110 13.8 1.2218478260869567 0.3787000438604567 18.405 0.765 1.525377880184332 434
120 14.3 1.4599650349650348 1.5193591187222917 18.405 0.757 1.4521486013986016 572
130 6.5 1.2470153846153849 0.36028268782711304 18.405 0.757 1.453711888111888 715
140 3.7 1.271027027027027 0.24264661062524281 18.405 0.757 1.4364871794871796 780
150 2 1.2408500000000002 0.22122754688329388 18.405 0.757 1.4289938800489597 817
160 0.1 1.059 0.0 18.405 0.757 1.4244982078853048 837
170 0 0 0 18.405 0.757 1.4240620525059666 838
180 0 0 0 18.405 0.757 1.4240620525059666 838
190 0 0 0 18.405 0.757 1.4240620525059666 838
200 0.1 7.348 0.0 18.405 0.757 1.4240620525059666 838
210 0.2 1.4304999999999999 0.28350000000000003 18.405 0.757 1.4311227651966627 839
220 0 0 0 18.405 0.757 1.4311212841854937 841
230 0 0 0 18.405 0.757 1.4311212841854937 841
240 0 0 0 18.405 0.757 1.4311212841854937 841
250 0 0 0 18.405 0.757 1.4311212841854937 841
260 0 0 0 18.405 0.757 1.4311212841854937 841
267 0 0 0 18.405 0.757 1.4311212841854937 841
