0 0.1 4.686468646864687 0 4.686468646864687 4.686468646864687 0 0
10 0.1 0.9940357852882704 0.0 4.686468646864687 0.9940357852882704 4.686468646864687 1
20 0.1 1.8905472636815919 0.0 4.686468646864687 0.9940357852882704 2.8402522160764785 2
30 0.1 0.29910269192422734 0.0 4.686468646864687 0.29910269192422734 2.5236838986115164 3
40 0.1 0.5970149253731344 0.0 4.686468646864687 0.29910269192422734 1.9675385969396944 4
50 0.1 0.7014028056112225 0.0 4.686468646864687 0.29910269192422734 1.6934338626263823 5
60 0.1 0.8040201005025126 0.0 4.686468646864687 0.29910269192422734 1.5280953531238557 6
70 0.1 0.9045226130653266 0.0 4.686468646864687 0.29910269192422734 1.4246560313208065 7
80 0.1 1.4084507042253522 0.0 4.686468646864687 0.29910269192422734 1.3596393540388716 8
90 0.1 1.5045135406218655 0.0 4.686468646864687 0.29910269192422734 1.365062837392925 9
100 0.1 1.2084592145015105 0.0 4.686468646864687 0.29910269192422734 1.379007907715819 10
110 0.1 2.5025025025025025 0.0 4.686468646864687 0.29910269192422734 1.3635034810599729 11
120 0.1 3.4274193548387095 0.0 4.686468646864687 0.29910269192422734 1.4584200661801836 12
130 0.1 4.954499494438827 0.0 4.954499494438827 0.29910269192422734 1.6098815499231471 13
140 0.1 2.8084252758274824 0.0 4.954499494438827 0.29910269192422734 1.8487828316742672 14
150 0.1 1.9153225806451613 0.0 4.954499494438827 0.29910269192422734 1.9127589946178147 15
160 0.1 1.507537688442211 0.0 4.954499494438827 0.29910269192422734 1.9129192187445239 16
170 0.1 0.7063572149344097 0.0 4.954499494438827 0.29910269192422734 1.8890732463737996 17
180 0.1 0.7042253521126761 0.0 4.954499494438827 0.29910269192422734 1.8233668001827223 18
190 0.1 0.3021148036253776 0.0 4.954499494438827 0.29910269192422734 1.7644646187053517 19
200 0.1 2.004008016032064 0.0 4.954499494438827 0.29910269192422734 1.691347127951353 20
210 0.1 0.10030090270812438 0.0 4.954499494438827 0.10030090270812438 1.7062357416694822 21
220 0.1 0.10010010010010009 0.0 4.954499494438827 0.10010010010010009 1.6332387035348752 22
230 0.1 0.0 0.0 4.954499494438827 0.0 1.5665805033855371 23
240 0.1 0.1 0.0 4.954499494438827 0.0 1.501306315744473 24
250 0.1 1.8018018018018018 0.0 4.954499494438827 0.0 1.4452540631146942 25
260 0.1 0.0 0.0 4.954499494438827 0.0 1.458967437679583 26
267 0.1 0.0 0.0 4.954499494438827 0.0 1.4049316066544133 27
