0 0.1 3523.28125 0 3523.28125 3523.28125 0 0
10 0.1 3523.140625 0.0 3523.28125 3523.140625 3523.28125 1
20 0.1 3517.5 0.0 3523.28125 3517.5 3523.2109375 2
30 0.1 3512.93359375 0.0 3523.28125 3512.93359375 3521.3072916666665 3
40 0.1 3511.20703125 0.0 3523.28125 3511.20703125 3519.2138671875 4
50 0.1 3508.8828125 0.0 3523.28125 3508.8828125 3517.6125 5
60 0.1 3501.70703125 0.0 3523.28125 3501.70703125 3516.1575520833335 6
70 0.1 3499.484375 0.0 3523.28125 3499.484375 3514.093191964286 7
80 0.1 3489.71484375 0.0 3523.28125 3489.71484375 3512.26708984375 8
90 0.1 3484.2265625 0.0 3523.28125 3484.2265625 3509.761284722222 9
100 0.1 3476.23046875 0.0 3523.28125 3476.23046875 3507.2078125 10
110 0.1 3467.07421875 0.0 3523.28125 3467.07421875 3504.391690340909 11
120 0.1 3452.64453125 0.0 3523.28125 3452.64453125 3501.2819010416665 12
130 0.1 3448.26953125 0.0 3523.28125 3448.26953125 3497.540564903846 13
140 0.1 3445.984375 0.0 3523.28125 3445.984375 3494.0212053571427 14
150 0.1 3444.671875 0.0 3523.28125 3444.671875 3490.81875 15
160 0.1 3444.05859375 0.0 3523.28125 3444.05859375 3487.9345703125 16
170 0.1 3455.671875 0.0 3523.28125 3444.05859375 3485.353630514706 17
180 0.1 3455.90625 0.0 3523.28125 3444.05859375 3483.704644097222 18
190 0.1 3455.87890625 0.0 3523.28125 3444.05859375 3482.241570723684 19
200 0.1 3454.984375 0.0 3523.28125 3444.05859375 3480.9234375 20
210 0.1 3455.09765625 0.0 3523.28125 3444.05859375 3479.6882440476193 21
220 0.1 3455.1640625 0.0 3523.28125 3444.05859375 3478.570490056818 22
230 0.1 3455.234375 0.0 3523.28125 3444.05859375 3477.5528192934785 23
240 0.1 3455.28125 0.0 3523.28125 3444.05859375 3476.6228841145835 24
250 0.1 3455.04296875 0.0 3523.28125 3444.05859375 3475.76921875 25
260 0.1 3455.04296875 0.0 3523.28125 3444.05859375 3474.9720552884614 26
267 0.1 3455.05078125 0.0 3523.28125 3444.05859375 3474.233940972222 27
