0 0.1 0.078125 0 0.078125 0.078125 0 0
10 0.1 0.0703125 0.0 0.078125 0.0703125 0.078125 1
20 0.1 0.05859375 0.0 0.078125 0.05859375 0.07421875 2
30 0.1 0.05078125 0.0 0.078125 0.05078125 0.06901041666666667 3
40 0.1 0.0390625 0.0 0.078125 0.0390625 0.064453125 4
50 0.1 0.03125 0.0 0.078125 0.03125 0.059375 5
60 0.1 0.03125 0.0 0.078125 0.03125 0.0546875 6
70 0.1 0.01953125 0.0 0.078125 0.01953125 0.05133928571428571 7
80 0.1 0.01953125 0.0 0.078125 0.01953125 0.04736328125 8
90 0.1 0.01953125 0.0 0.078125 0.01953125 0.044270833333333336 9
100 0.1 0.01171875 0.0 0.078125 0.01171875 0.041796875 10
110 0.1 0.01171875 0.0 0.078125 0.01171875 0.0390625 11
120 0.1 0.01171875 0.0 0.078125 0.01171875 0.036783854166666664 12
130 0.1 0.01171875 0.0 0.078125 0.01171875 0.03485576923076923 13
140 0.1 0.0 0.0 0.078125 0.0 0.033203125 14
150 0.1 0.0 0.0 0.078125 0.0 0.030989583333333334 15
160 0.1 0.0 0.0 0.078125 0.0 0.029052734375 16
170 0.1 0.0 0.0 0.078125 0.0 0.02734375 17
180 0.1 0.0 0.0 0.078125 0.0 0.025824652777777776 18
190 0.1 0.0 0.0 0.078125 0.0 0.02446546052631579 19
200 0.1 0.0 0.0 0.078125 0.0 0.0232421875 20
210 0.1 0.0 0.0 0.078125 0.0 0.022135416666666668 21
220 0.1 0.0 0.0 0.078125 0.0 0.021129261363636364 22
230 0.1 0.0 0.0 0.078125 0.0 0.020210597826086956 23
240 0.1 0.0 0.0 0.078125 0.0 0.019368489583333332 24
250 0.1 0.0 0.0 0.078125 0.0 0.01859375 25
260 0.1 0.0 0.0 0.078125 0.0 0.017878605769230768 26
267 0.1 0.0 0.0 0.078125 0.0 0.017216435185185185 27
