0 1 61.86600000000001 113.89822604588711 383.222 5.414 0 0
10 6.1 170.55749180327868 237.4222636716516 950.288 4.095 61.86600000000001 10
20 6.2 1311.436112903226 2208.208820359688 5487.393 0.783 155.24883098591548 71
30 6.2 1208.6420322580645 2198.6620328496265 5487.393 0.659 694.2233533834587 133
40 9.4 868.0311702127659 1853.7478615132222 5568.538 0.659 857.7821128205128 195
50 16.9 977.5252662721896 1831.1524305677515 6333.052 0.591 861.1157162629758 289
60 19.9 1136.7430301507536 4086.8477576975274 52840.36 0.591 904.0703318777294 458
70 25.2 2130.761853174603 7524.361707315209 59890.933 0.591 974.5450152207003 657
80 24.3 1888.152905349794 2047.4061575111077 59890.933 0.522 1295.0803762376236 909
90 28.5 2469.9518000000007 2023.599296755561 59890.933 0.522 1420.1816128472221 1152
100 30.9 3252.7742718446593 1961.2210609396896 59890.933 0.522 1628.3823806541407 1437
110 60.8 1986.8601529605232 3187.313112796924 59890.933 0.488 1915.8606706758303 1746
120 74.8 2027.0450975935819 4041.228088649025 59890.933 0.488 1934.1986847918429 2354
130 47.9 3518.3665052192064 4914.677148771357 59890.933 0.481 1956.5871814958082 3102
140 55.4 3550.4438411552433 4731.231343311044 59890.933 0.481 2165.493156380898 3581
150 55.2 571.4386268115945 3067.053348681361 59890.933 0.481 2351.046404111246 4135
160 37.4 240.41399197860957 1010.9682269609928 59890.933 0.481 2141.457436099851 4687
170 29.3 232.92177133105812 1010.2614247817847 59890.933 0.481 2000.973293025094 5061
180 17.1 46.84259064327486 350.3007151022591 59890.933 0.481 1904.2158974598433 5354
190 9.6 164.84801041666682 870.5190581553136 59890.933 0.481 1846.7297733936655 5525
200 4.3 124.93937209302324 753.2706538416483 59890.933 0.481 1818.0052316313827 5621
210 2.1 7753.861142857143 17065.091294299047 59890.933 0.481 1805.1518008474577 5664
220 1.5 6565.256533333334 16727.88289386223 59890.933 0.481 1827.1259250659634 5685
230 1 11.626899999999997 4.910753352592655 59890.933 0.481 1839.5946898245616 5700
240 0 0 0 59890.933 0.481 1836.393345183888 5710
250 0.1 47045.328 0.0 59890.933 0.481 1836.393345183888 5710
260 0.6 7840.793666666666 17500.87750001262 59890.933 0.481 1844.309460514796 5711
267 0.3 11.614333333333335 4.034158923768649 59890.933 0.481 1850.6027796046878 5717
