10 0.1 152 0 152 152 0 0
20 0.1 454.0 0.0 454 152 152.0 1
30 0.1 304.0 0.0 454 152 303.0 2
40 0.1 269.0 0.0 454 152 303.3333333333333 3
50 0.1 531.0 0.0 531 152 294.75 4
60 0.1 849.0 0.0 849 152 342.0 5
70 0.1 1001.0 0.0 1001 152 426.5 6
80 0.1 1230.0 0.0 1230 152 508.57142857142856 7
90 0.1 1347.0 0.0 1347 152 598.75 8
100 0.1 1262.0 0.0 1347 152 681.8888888888889 9
110 0.1 1773.0 0.0 1773 152 739.9 10
120 0.1 2062.0 0.0 2062 152 833.8181818181819 11
130 0.1 2238.0 0.0 2238 152 936.1666666666666 12
140 0.1 1634.0 0.0 2238 152 1036.3076923076924 13
150 0.1 2003.0 0.0 2238 152 1079.0 14
160 0.1 1604.0 0.0 2238 152 1140.6 15
170 0.1 1071.0 0.0 2238 152 1169.5625 16
180 0.1 778.0 0.0 2238 152 1163.764705882353 17
190 0.1 480.0 0.0 2238 152 1142.3333333333333 18
200 0.1 339.0 0.0 2238 152 1107.4736842105262 19
210 0.1 131.0 0.0 2238 131 1069.05 20
220 0.1 82.0 0.0 2238 82 1024.3809523809523 21
230 0.1 57.0 0.0 2238 57 981.5454545454545 22
240 0.1 16.0 0.0 2238 16 941.3478260869565 23
250 0.1 96.0 0.0 2238 16 902.7916666666666 24
260 0.1 7.0 0.0 2238 7 870.52 25
267 0.1 20.0 0.0 2238 7 837.3076923076923 26
