0 1 61.86600000000001 113.89822604588711 383.222 5.414 0 0
10 6.1 170.55749180327868 237.4222636716516 950.288 4.095 61.86600000000001 10
20 6.2 1311.436112903226 2208.208820359688 5487.393 0.783 155.24883098591548 71
30 6.3 1190.346476190476 2185.894748571314 5487.393 0.659 694.2233533834587 133
40 9.8 832.0250714285713 1823.6426048245446 5568.538 0.659 853.6914999999999 196
50 18.3 908.5004644808746 1775.5802060894532 6333.052 0.591 846.4693571428571 294
60 23.2 972.9461120689646 3796.1599105758623 52840.36 0.591 870.2674549266247 477
70 28.1 1910.8284056939501 7150.55858074789 59890.933 0.591 903.8661128349786 709
80 27 1709.2264296296294 1970.590086353929 59890.933 0.522 1189.6806626262623 990
90 31.1 2322.927752411576 1951.877139699994 59890.933 0.522 1301.0118984126982 1260
100 33.1 3070.5859758308156 1839.534658692511 59890.933 0.522 1503.3135092297896 1571
110 66.2 1839.737913897283 2966.5152339993097 59890.933 0.488 1776.0617670872764 1902
120 82.9 1863.553287092885 3736.2593362382822 59890.933 0.488 1792.5023322932923 2564
130 54.5 3225.519994495412 4453.471255647424 59890.933 0.481 1809.861967285589 3393
140 70.8 2603.081060734467 3925.608966515376 59890.933 0.481 2005.782136109701 3938
150 81.3 363.1923431734317 2469.12049470521 59890.933 0.481 2096.8040126990973 4646
160 56 160.50558928571417 833.1612156518601 59890.933 0.481 1838.6200435977296 5459
170 44.2 154.3049954751134 829.1477340687289 59890.933 0.481 1682.490438278785 6019
180 27.3 29.31656410256403 277.6904675457891 59890.933 0.481 1577.9465649280307 6461
190 14.8 106.83393918918914 704.7931132534205 59890.933 0.481 1515.1642675972687 6734
200 7 76.79055714285717 593.4886208998604 59890.933 0.481 1484.8775938680626 6882
210 3.1 5252.440870967742 14505.563994936612 59890.933 0.481 1470.699502301497 6952
220 2.4 4103.260499999999 13601.144302745388 59890.933 0.481 1487.487986109123 6983
230 1.7 6.809764705882355 3.0418842946903384 59890.933 0.481 1496.4473896103905 7007
240 0 0 0 59890.933 0.481 1492.8420593678827 7024
250 0.1 47045.328 0.0 59890.933 0.481 1492.8420593678827 7024
260 1 4704.4504 14089.83138893645 59890.933 0.481 1499.3263990035598 7025
267 0.5 6.9392 2.2494767747189566 59890.933 0.481 1503.882367732766 7035
