10 0.1 176 0 176 176 0 0
20 0.1 483.0 0.0 483 176 176.0 1
30 0.1 232.0 0.0 483 176 329.5 2
40 0.1 225.0 0.0 483 176 297.0 3
50 0.1 444.0 0.0 483 176 279.0 4
60 0.1 697.0 0.0 697 176 312.0 5
70 0.1 789.0 0.0 789 176 376.1666666666667 6
80 0.1 1.0e3 0.0 1000 176 435.14285714285717 7
90 0.1 1073.0 0.0 1073 176 505.75 8
100 0.1 1025.0 0.0 1073 176 568.7777777777778 9
110 0.1 1532.0 0.0 1532 176 614.4 10
120 0.1 2143.0 0.0 2143 176 697.8181818181819 11
130 0.1 2388.0 0.0 2388 176 818.25 12
140 0.1 1657.0 0.0 2388 176 939.0 13
150 0.1 1603.0 0.0 2388 176 990.2857142857143 14
160 0.1 1614.0 0.0 2388 176 1031.1333333333334 15
170 0.1 1178.0 0.0 2388 176 1067.5625 16
180 0.1 885.0 0.0 2388 176 1074.0588235294117 17
190 0.1 547.0 0.0 2388 176 1063.5555555555557 18
200 0.1 481.0 0.0 2388 176 1036.3684210526317 19
210 0.1 149.0 0.0 2388 149 1008.6 20
220 0.1 81.0 0.0 2388 81 967.6666666666666 21
230 0.1 61.0 0.0 2388 61 927.3636363636364 22
240 0.1 23.0 0.0 2388 23 889.695652173913 23
250 0.1 185.0 0.0 2388 23 853.5833333333334 24
260 0.1 7.0 0.0 2388 7 826.84 25
267 0.1 19.0 0.0 2388 7 795.3076923076923 26
