40 0.1 27376.778 0 27376.778 27376.778 0 0
50 0.2 36216.066000000006 56.1299999999992 36272.196 27376.778 27376.778 1
60 0.6 34425.30033333333 7130.923494541914 44671.237 24734.035 33269.636666666665 3
70 1.1 49153.87863636364 16141.89263645061 70947.156 19683.307 34040.07911111111 9
80 1.2 53908.673916666674 14170.413195072268 78529.496 19683.307 42352.66885 20
90 0.4 46893.53375 2844.8969645896113 78529.496 19683.307 46686.170750000005 32
100 0.4 53333.2505 4115.3277588902 78529.496 19683.307 46709.211083333335 36
110 1 63614.4833 16179.749691437424 100587.54 19683.307 47371.61502500001 40
120 1.9 68578.6305263158 21087.664704910512 115165.266 19683.307 50620.18868000001 50
130 1.8 66978.52144444444 15783.492084710619 115165.266 19683.307 55565.26686956523 69
140 3.3 66731.57615151512 16610.17602475028 115165.266 19683.307 57926.62988505748 87
150 10.3 60955.82390291266 21296.126968057884 146690.861 19683.307 60347.99010833333 120
160 6.5 63862.6203076923 22215.521731739864 151511.991 19683.307 60628.73845291482 223
170 6.1 68743.42337704917 16780.91399104902 151511.991 19683.307 61358.60762152779 288
180 4 75523.385225 13349.524659458533 151511.991 19683.307 62649.36338395416 349
190 2.6 82044.41823076922 13351.151878113498 151511.991 19683.307 63973.17025706942 389
200 1.1 94874.55436363636 11587.996235971732 151511.991 19683.307 65105.344828915666 415
210 0.6 107609.56466666667 25237.633908367217 161255.256 19683.307 65874.03333802818 426
220 0.4 136880.333 12946.607711793464 161255.256 19683.307 66453.69349537037 432
230 0.2 140082.549 23146.277999999995 163228.827 19683.307 67099.80945412845 436
240 0 0 0 163228.827 19683.307 67433.06397260276 438
250 0 0 0 163228.827 19683.307 67433.06397260276 438
260 0.1 190381.414 0.0 190381.414 19683.307 67433.06397260276 438
267 0.1 204163.105 0.0 204163.105 19683.307 67713.12855125287 439
