0 38.6828125 38.6828125
10 213.20390625 251.88671875
20 186.05 437.93671875
30 133.78828125 571.725
40 270.121875 841.846875
50 447.0671875 1288.9140625
60 485.19921875 1774.11328125
70 667.18828125 2441.3015625
80 594.88125 3036.1828125
90 745.83203125 3782.01484375
100 892.7609375 4674.77578125
110 682.27890625 5357.0546875
120 728.528125 6085.5828125
130 556.1953125 6641.778125
140 778.18828125 7419.96640625
150 850.64140625 8270.6078125
160 592.215625 8862.8234375
170 464.78828125 9327.61171875
180 274.26328125 9601.875
190 153.0984375 9754.9734375
200 69.24453125 9824.21796875
210 37.51953125 9861.7375
220 27.06171875 9888.79921875
230 16.4984375 9905.29765625
240 0 9905.29765625
250 2.81484375 9908.1125
260 11.25859375 9919.37109375
267 4.9828125 9924.35390625
