0 5.0078125 5.0078125
10 39.25 44.2578125
20 35.34375 79.6015625
30 35.2671875 114.86875
40 52.75859375 167.62734375
50 101.55625 269.18359375
60 139.08046875 408.2640625
70 159.08359375 567.34765625
80 166.215625 733.56328125
90 174.2109375 907.77421875
100 204.396875 1112.17109375
110 319.8671875 1432.03828125
120 452.18203125 1884.2203125
130 317.00703125 2201.22734375
140 343.5078125 2544.73515625
150 463.48046875 3008.215625
160 315.89609375 3324.11171875
170 255.7625 3579.87421875
180 166.465625 3746.33984375
190 87.34453125 3833.684375
200 42.59375 3876.278125
210 17.2140625 3893.4921875
220 14.93828125 3908.43046875
230 11.4484375 3919.87890625
240 0 3919.87890625
250 0 3919.87890625
260 6.45078125 3926.3296875
267 3.61640625 3929.94609375
