0 1.2 3.543833333333333 6.969629770575256 26.628 0.988 0 0
10 1.1 1.3888181818181815 0.2823987568160308 26.628 0.838 3.543833333333333 12
20 0.7 1.967857142857143 1.293809152251204 26.628 0.838 2.5131739130434783 23
30 2 2.6796 3.736299712282193 26.628 0.838 2.3859333333333335 30
40 2.4 1.3339583333333334 0.30991752655164384 26.628 0.782 2.5034000000000005 50
50 1.2 3.383416666666667 6.384630196264741 26.628 0.782 2.124121621621622 74
60 3.7 1.607756756756757 1.7030363092319714 26.628 0.782 2.299837209302326 86
70 3.9 1.1995128205128207 0.2445759146783727 26.628 0.782 2.091650406504065 123
80 4.1 1.2559268292682926 0.2534715445850613 26.628 0.777 1.8768765432098766 162
90 7.6 1.5546315789473681 1.6945782726568477 26.628 0.733 1.7514630541871923 203
100 10.6 1.2064528301886794 0.28895906650359937 26.628 0.717 1.6978458781362007 279
110 8.8 1.23021590909091 0.5999238294238173 26.628 0.717 1.562553246753247 385
