0 0.1 2.0259871519030956 0 2.0259871519030956 2.0259871519030956 0 0
10 0.1 0.8 0.0 2.0259871519030956 0.8 2.0259871519030956 1
20 0.1 0.4012036108324975 0.0 2.0259871519030956 0.4012036108324975 1.412993575951548 2
30 0.1 0.4008016032064128 0.0 2.0259871519030956 0.4008016032064128 1.0757302542451979 3
40 0.1 0.7014028056112225 0.0 2.0259871519030956 0.4008016032064128 0.9069980914855016 4
50 0.1 2.708124373119358 0.0 2.708124373119358 0.4008016032064128 0.8658790343106457 5
60 0.1 0.5020080321285141 0.0 2.708124373119358 0.4008016032064128 1.1729199241120976 6
70 0.1 3.196803196803197 0.0 3.196803196803197 0.4008016032064128 1.077075368114443 7
80 0.1 2.6052104208416833 0.0 3.196803196803197 0.4008016032064128 1.3420413467005372 8
90 0.1 1.5045135406218655 0.0 3.196803196803197 0.4008016032064128 1.4823934660495535 9
100 0.1 4.924623115577889 0.0 4.924623115577889 0.4008016032064128 1.4846054735067846 10
110 0.1 4.5592705167173255 0.0 4.924623115577889 0.4008016032064128 1.797334350058703 11
