0 0.1 3523.04296875 0 3523.04296875 3523.04296875 0 0
10 0.1 3520.76171875 0.0 3523.04296875 3520.76171875 3523.04296875 1
20 0.1 3520.52734375 0.0 3523.04296875 3520.52734375 3521.90234375 2
30 0.1 3520.4140625 0.0 3523.04296875 3520.4140625 3521.4440104166665 3
40 0.1 3517.5 0.0 3523.04296875 3517.5 3521.1865234375 4
50 0.1 3514.62109375 0.0 3523.04296875 3514.62109375 3520.44921875 5
60 0.1 3514.6328125 0.0 3523.04296875 3514.62109375 3519.4778645833335 6
70 0.1 3507.56640625 0.0 3523.04296875 3507.56640625 3518.785714285714 7
80 0.1 3499.45703125 0.0 3523.04296875 3499.45703125 3517.38330078125 8
90 0.1 3497.24609375 0.0 3523.04296875 3497.24609375 3515.3914930555557 9
100 0.1 3488.66796875 0.0 3523.04296875 3488.66796875 3513.576953125 10
110 0.1 3479.65625 0.0 3523.04296875 3479.65625 3511.3125 11
