0 4.7 171.7645531914894 260.99764606436736 1250.228 4.073 0 0
10 6.7 95.79222388059704 137.43869836249448 1250.228 3.911 171.7645531914894 47
20 4.9 108.51165306122451 142.18883913340076 1250.228 3.911 127.11414912280704 114
30 7.2 99.54556944444442 177.7468626463884 1250.228 3.833 121.52198773006137 163
40 13.1 337.5711603053436 474.30992279883037 2552.081 3.484 114.78878723404256 235
50 9.7 226.33962886597934 264.92301636740143 2552.081 3.484 194.52783333333338 366
60 14.2 272.3683591549295 300.0388580644589 2552.081 3.484 201.1925075593953 463
70 16.4 929.7514085365851 1156.8239023529288 6173.322 3.484 217.8982446280992 605
80 17 2299.562429411767 2579.0540348821623 12710.179 0.425 369.71088296488944 769
90 18.9 2150.6324761904775 2474.824761007401 12710.179 0.41 719.0982768903092 939
100 26.5 3144.3988000000013 2400.692195872082 15000.436 0.41 958.9564007092204 1128
110 28.5 3591.2551859649093 3259.217174577768 15000.436 0.402 1374.7081852117738 1393
