0 0.3 4026.494666666667 1257.4334993261293 5753.44 2795.662 0 0
10 1.2 6636.954833333332 1842.6712226765994 10859.504 2795.662 4026.494666666667 3
20 1 9455.7983 4840.54125401844 17073.118 2795.662 6114.862799999999 15
30 0.9 7265.635555555556 3861.4154055703493 17073.118 2795.662 7451.236999999999 25
40 1.7 7350.824882352941 3297.723395317208 17073.118 1269.484 7402.107205882353 34
50 1.7 10964.331999999999 3066.7234803404835 17270.289 1269.484 7385.013098039216 51
60 2.1 10725.455523809522 5363.570329571779 20123.965 1269.484 8279.84282352941 68
70 1.6 12256.270124999997 4044.9471290944716 21017.545 1269.484 8856.897505617977 89
80 1.8 16723.36177777778 4995.951592243758 28612.325 1269.484 9374.897142857142 105
90 2.7 20761.970444444447 3829.974950975241 28612.325 1269.484 10450.282211382115 123
100 2.6 23996.723884615385 5082.054036835184 35911.987 1269.484 12306.386093333334 150
110 2.5 25087.860959999998 5063.402009817854 44226.866 1269.484 14033.367812500002 176
