0 0.9 2.240222222222222 2.4118836243243473 8.995 1.017 0 0
10 0.9 1.6053333333333333 0.4921727339054857 8.995 1.017 2.240222222222222 9
20 2 1.4655500000000001 0.26430181138236636 8.995 0.998 1.9227777777777777 18
30 2.9 1.355 0.29087110547457273 8.995 0.949 1.6821315789473685 38
40 3 1.4014333333333335 0.23081589825852303 8.995 0.949 1.540537313432836 67
50 3.5 1.4188857142857143 0.3628990234548583 8.995 0.849 1.4975154639175259 97
60 5.5 1.8967636363636369 2.8543545168336393 21.735 0.849 1.4766666666666668 132
70 6.6 1.2954545454545454 0.28344996789119703 21.735 0.849 1.6002245989304817 187
80 5.3 1.6375283018867928 0.6986878970619785 21.735 0.849 1.520719367588933 253
90 10.5 3.4300857142857146 14.511447185954552 135.388 0.849 1.540950980392157 306
100 12.5 1.4110879999999992 0.4403855404710741 135.388 0.849 2.0235766423357666 411
110 14.4 1.236694444444445 0.7163889411270499 135.388 0.804 1.8807388059701493 536
120 9.1 1.380120879120879 0.7150203691122241 135.388 0.804 1.7443529411764707 680
130 3.8 1.407289473684211 0.37244122870134166 135.388 0.804 1.7013631647211414 771
140 3.3 1.4012121212121211 0.35762658344481263 135.388 0.804 1.6875500618046972 809
150 0.5 1.3226 0.18397565056278506 135.388 0.804 1.6763277909738719 842
160 0.2 1.6545 0.2714999999999999 135.388 0.804 1.6742396694214878 847
170 0 0 0 135.388 0.804 1.6741931684334512 849
180 0.1 9.54 0.0 135.388 0.804 1.6741931684334512 849
190 0 0 0 135.388 0.804 1.6834470588235295 850
200 0.1 1.458 0.0 135.388 0.804 1.6834470588235295 850
210 0.4 1.7489999999999997 0.37498999986666304 135.388 0.804 1.6831821386603998 851
220 0 0 0 135.388 0.804 1.6834900584795325 855
227 0 0 0 135.388 0.804 1.6834900584795325 855
