0 0.1 5.712740591430889 0 5.712740591430889 5.712740591430889 0 0
10 0.1 1.1988011988011988 0.0 5.712740591430889 1.1988011988011988 5.712740591430889 1
20 0.1 2.097902097902098 0.0 5.712740591430889 1.1988011988011988 3.455770895116044 2
30 0.1 0.4016064257028112 0.0 5.712740591430889 0.4016064257028112 3.0031479627113953 3
40 0.1 0.6018054162487462 0.0 5.712740591430889 0.4016064257028112 2.352762578459249 4
50 0.1 0.7028112449799196 0.0 5.712740591430889 0.4016064257028112 2.0025711460171487 5
60 0.1 2.5150905432595576 0.0 5.712740591430889 0.4016064257028112 1.7859444958442772 6
70 0.1 1.60481444332999 0.0 5.712740591430889 0.4016064257028112 1.8901082169036028 7
80 0.1 1.507537688442211 0.0 5.712740591430889 0.4016064257028112 1.8544464952069013 8
90 0.1 1.6080402010050252 0.0 5.712740591430889 0.4016064257028112 1.8159010722330469 9
100 0.1 2.217741935483871 0.0 5.712740591430889 0.4016064257028112 1.7951149851102446 10
110 0.1 2.932254802831143 0.0 5.712740591430889 0.4016064257028112 1.8335356169623926 11
120 0.1 3.0303030303030303 0.0 5.712740591430889 0.4016064257028112 1.9250955491181216 12
130 0.1 4.819277108433735 0.0 5.712740591430889 0.4016064257028112 2.0101115092092687 13
140 0.1 2.3069207622868606 0.0 5.712740591430889 0.4016064257028112 2.210766194868159 14
150 0.1 2.3255813953488373 0.0 5.712740591430889 0.4016064257028112 2.217176499362739 15
160 0.1 2.9175050301810868 0.0 5.712740591430889 0.4016064257028112 2.22395180536187 16
170 0.1 0.6060606060606061 0.0 5.712740591430889 0.4016064257028112 2.2647490538806476 17
180 0.1 0.8008008008008007 0.0 5.712740591430889 0.4016064257028112 2.1725996956684233 18
190 0.1 1.706827309236948 0.0 5.712740591430889 0.4016064257028112 2.1003997538332855 19
200 0.1 0.10030090270812438 0.0 5.712740591430889 0.10030090270812438 2.0807211316034686 20
210 0.1 0.5005005005005005 0.0 5.712740591430889 0.10030090270812438 1.9864154064179762 21
220 0.1 0.1002004008016032 0.0 5.712740591430889 0.1002004008016032 1.9188738197853636 22
227 0.1 0.10010010010010009 0.0 5.712740591430889 0.10010010010010009 1.8398010624382437 23
