0 0.1 3522.6875 0 3522.6875 3522.6875 0 0
10 0.1 3522.48828125 0.0 3522.6875 3522.48828125 3522.6875 1
20 0.1 3518.18359375 0.0 3522.6875 3518.18359375 3522.587890625 2
30 0.1 3514.9453125 0.0 3522.6875 3514.9453125 3521.1197916666665 3
40 0.1 3512.25 0.0 3522.6875 3512.25 3519.576171875 4
50 0.1 3509.8125 0.0 3522.6875 3509.8125 3518.1109375 5
60 0.1 3503.05078125 0.0 3522.6875 3503.05078125 3516.7278645833335 6
70 0.1 3498.87890625 0.0 3522.6875 3498.87890625 3514.773995535714 7
80 0.1 3488.484375 0.0 3522.6875 3488.484375 3512.787109375 8
90 0.1 3479.2421875 0.0 3522.6875 3479.2421875 3510.0868055555557 9
100 0.1 3471.2734375 0.0 3522.6875 3471.2734375 3507.00234375 10
110 0.1 3464.70703125 0.0 3522.6875 3464.70703125 3503.7542613636365 11
120 0.1 3454.62109375 0.0 3522.6875 3454.62109375 3500.5003255208335 12
130 0.1 3450.51171875 0.0 3522.6875 3450.51171875 3496.971153846154 13
140 0.1 3448.83203125 0.0 3522.6875 3448.83203125 3493.6526227678573 14
150 0.1 3446.89453125 0.0 3522.6875 3446.89453125 3490.664583333333 15
160 0.1 3446.5234375 0.0 3522.6875 3446.5234375 3487.928955078125 16
170 0.1 3453.41796875 0.0 3522.6875 3446.5234375 3485.493336397059 17
180 0.1 3453.2109375 0.0 3522.6875 3446.5234375 3483.711371527778 18
190 0.1 3452.81640625 0.0 3522.6875 3446.5234375 3482.106085526316 19
200 0.1 3452.96484375 0.0 3522.6875 3446.5234375 3480.6416015625 20
210 0.1 3453.34765625 0.0 3522.6875 3446.5234375 3479.323660714286 21
220 0.1 3453.73828125 0.0 3522.6875 3446.5234375 3478.1429332386365 22
227 0.1 3453.15234375 0.0 3522.6875 3446.5234375 3477.0818614130435 23
