0 0.1 0.0703125 0 0.0703125 0.0703125 0 0
10 0.1 0.05859375 0.0 0.0703125 0.05859375 0.0703125 1
20 0.1 0.05078125 0.0 0.0703125 0.05078125 0.064453125 2
30 0.1 0.0390625 0.0 0.0703125 0.0390625 0.059895833333333336 3
40 0.1 0.03125 0.0 0.0703125 0.03125 0.0546875 4
50 0.1 0.03125 0.0 0.0703125 0.03125 0.05 5
60 0.1 0.01953125 0.0 0.0703125 0.01953125 0.046875 6
70 0.1 0.01953125 0.0 0.0703125 0.01953125 0.04296875 7
80 0.1 0.01953125 0.0 0.0703125 0.01953125 0.0400390625 8
90 0.1 0.01171875 0.0 0.0703125 0.01171875 0.037760416666666664 9
100 0.1 0.01171875 0.0 0.0703125 0.01171875 0.03515625 10
110 0.1 0.078125 0.0 0.078125 0.01171875 0.033025568181818184 11
120 0.1 0.1484375 0.0 0.1484375 0.01171875 0.036783854166666664 12
130 0.1 0.2890625 0.0 0.2890625 0.01171875 0.04537259615384615 13
140 0.1 0.23828125 0.0 0.2890625 0.01171875 0.06277901785714286 14
150 0.1 0.19921875 0.0 0.2890625 0.01171875 0.07447916666666667 15
160 0.1 0.171875 0.0 0.2890625 0.01171875 0.082275390625 16
170 0.1 0.1484375 0.0 0.2890625 0.01171875 0.08754595588235294 17
180 0.1 0.12109375 0.0 0.2890625 0.01171875 0.09092881944444445 18
190 0.1 0.1015625 0.0 0.2890625 0.01171875 0.09251644736842106 19
200 0.1 0.08984375 0.0 0.2890625 0.01171875 0.09296875000000002 20
210 0.1 0.0703125 0.0 0.2890625 0.01171875 0.0928199404761905 21
220 0.1 0.05859375 0.0 0.2890625 0.01171875 0.09179687500000001 22
227 0.1 0.05078125 0.0 0.2890625 0.01171875 0.09035326086956523 23
