0 2.3 81.96508695652173 155.19062922430567 631.967 4.638 0 0
10 4.3 118.11767441860462 159.6959125679717 631.967 4.638 81.96508695652173 23
20 7.4 1269.9205405405407 2200.9258736645675 5598.428 0.825 105.51904545454543 66
30 9.3 621.5012258064517 1648.238554433559 5614.585 0.684 720.9884071428572 140
40 13.7 1001.586503649635 1979.0507432413265 6379.997 0.684 681.2789313304721 233
50 18.3 960.279054644808 3968.8960474521728 49773.914 0.579 799.8793027027027 370
60 22.2 1206.3113648648648 4100.264797365575 56413.65 0.579 852.9591482820974 553
70 19.9 3124.90333165829 7288.565174593475 59971.168 0.579 954.1774606451612 775
80 25.4 3085.241326771652 2194.375366333497 59971.168 0.579 1397.6830544147838 974
90 32.2 3621.9939378881995 2571.2550261023944 59971.168 0.579 1746.7382671009766 1228
100 57 2386.167780701755 3379.6040194262637 59971.168 0.529 2136.307509677419 1550
110 63.4 2205.4852350157726 4184.300142533572 59971.168 0.529 2203.4869221698114 2120
120 61.5 2789.281964227638 4100.402493092467 59971.168 0.529 2203.9469549745822 2754
130 39.3 4888.147704834599 6757.7348974915585 59971.168 0.529 2310.7979584446416 3369
140 72.6 1161.1562066115682 2226.410290255 59971.168 0.529 2580.042628920786 3762
150 47.4 177.82510126582272 899.2591182520143 59971.168 0.529 2350.5168841354707 4488
160 32.2 153.35655900621123 798.7002519668041 59971.168 0.529 2142.9683341394584 4962
170 18.6 9.20423655913978 3.596409581725038 59971.168 0.529 2021.7240132475386 5284
180 10.2 8.79688235294118 2.6822116908973874 59971.168 0.529 1953.2909824497244 5470
190 4.5 8.407377777777782 2.5696210467597393 59971.168 0.529 1917.695433596553 5572
200 3.1 1484.7132903225802 8070.607323254603 59971.168 0.529 1902.3993747552063 5617
210 2.6 9.09403846153846 2.0783822014835924 59971.168 0.529 1900.106834277619 5648
220 0.6 8.867833333333333 2.4928247977389466 59971.168 0.529 1891.4416364117012 5674
227 0.1 6.073 0.0 59971.168 0.529 1889.453002112675 5680
