10 0.1 236 0 236 236 0 0
20 0.1 374.0 0.0 374 236 236.0 1
30 0.1 329.0 0.0 374 236 305.0 2
40 0.1 521.0 0.0 521 236 313.0 3
50 0.1 658.0 0.0 658 236 365.0 4
60 0.1 945.0 0.0 945 236 423.6 5
70 0.1 1277.0 0.0 1277 236 510.5 6
80 0.1 1256.0 0.0 1277 236 620.0 7
90 0.1 1295.0 0.0 1295 236 699.5 8
100 0.1 1487.0 0.0 1487 236 765.6666666666666 9
110 0.1 2220.0 0.0 2220 236 837.8 10
120 0.1 1952.0 0.0 2220 236 963.4545454545455 11
130 0.1 1828.0 0.0 2220 236 1045.8333333333333 12
140 0.1 1567.0 0.0 2220 236 1106.0 13
150 0.1 2290.0 0.0 2290 236 1138.9285714285713 14
160 0.1 1371.0 0.0 2290 236 1215.6666666666667 15
170 0.1 892.0 0.0 2290 236 1225.375 16
180 0.1 531.0 0.0 2290 236 1205.764705882353 17
190 0.1 312.0 0.0 2290 236 1168.2777777777778 18
200 0.1 126.0 0.0 2290 126 1123.2105263157894 19
210 0.1 155.0 0.0 2290 126 1073.35 20
220 0.1 79.0 0.0 2290 79 1029.6190476190477 21
227 0.1 40.0 0.0 2290 40 986.4090909090909 22
