0 2.3 81.96508695652173 155.19062922430567 631.967 4.638 0 0
10 4.3 118.11767441860462 159.6959125679717 631.967 4.638 81.96508695652173 23
20 7.4 1269.9205405405407 2200.9258736645675 5598.428 0.825 105.51904545454543 66
30 9.3 621.5012258064517 1648.238554433559 5614.585 0.684 720.9884071428572 140
40 14.3 959.5580489510488 1947.1837374226993 6379.997 0.684 681.2789313304721 233
50 20.7 848.9539999999992 3744.3268524071136 49773.914 0.579 787.1138085106384 376
60 24.8 1085.1353104838713 3895.0908878405226 56413.65 0.579 809.0707890222982 583
70 21.4 2937.63829439252 7049.073132617557 59971.168 0.579 891.4582755716004 831
80 27.3 2867.0317948717957 2053.817649900225 59971.168 0.579 1310.4846143540663 1045
90 35.3 3423.8699320113333 2394.0440994857986 59971.168 0.579 1632.8953732928676 1318
100 62.1 2135.214383252817 3079.0029478253327 59971.168 0.529 2011.2400885697189 1671
110 70.1 2079.276406562055 3888.3178828928244 59971.168 0.529 2044.8299825479928 2292
120 69.3 2558.224415584415 3707.4482210758806 59971.168 0.529 2052.897788506515 2993
130 47.2 3958.6108834745746 5932.9589056863815 59971.168 0.529 2147.903581389039 3686
140 100.6 758.9227902584482 1630.9894207343211 59971.168 0.529 2353.4480370370366 4158
150 70.9 118.83604513399142 739.3364628936525 59971.168 0.529 2042.8182155305958 5164
160 49.4 99.91224493927125 648.2860377989514 59971.168 0.529 1810.5513402009187 5873
170 29 5.860517241379306 1.8533906099770259 59971.168 0.529 1677.8270252866337 6367
180 16.3 5.481134969325155 1.2745659649312766 59971.168 0.529 1604.9908697611531 6657
190 6.9 5.458550724637684 1.1825956656002832 59971.168 0.529 1566.7621180351903 6820
200 5 920.4936999999998 6395.536687525045 59971.168 0.529 1551.1241522717373 6889
210 4.2 5.603380952380952 1.0483551731932252 59971.168 0.529 1546.5800504395445 6939
220 1 5.2926 0.24114070581301714 59971.168 0.529 1537.3090262140092 6981
227 0.1 6.073 0.0 59971.168 0.529 1535.1176137891575 6991
