10 0.1 295 0 295 295 0 0
20 0.1 437.0 0.0 437 295 295.0 1
30 0.1 297.0 0.0 437 295 366.0 2
40 0.1 512.0 0.0 512 295 343.0 3
50 0.1 598.0 0.0 598 295 385.25 4
60 0.1 988.0 0.0 988 295 427.8 5
70 0.1 1145.0 0.0 1145 295 521.1666666666666 6
80 0.1 1165.0 0.0 1165 295 610.2857142857143 7
90 0.1 1106.0 0.0 1165 295 679.625 8
100 0.1 1452.0 0.0 1452 295 727.0 9
110 0.1 2253.0 0.0 2253 295 799.5 10
120 0.1 2181.0 0.0 2253 295 931.6363636363636 11
130 0.1 2055.0 0.0 2253 295 1035.75 12
140 0.1 1440.0 0.0 2253 295 1114.1538461538462 13
150 0.1 2215.0 0.0 2253 295 1137.4285714285713 14
160 0.1 1650.0 0.0 2253 295 1209.2666666666667 15
170 0.1 1029.0 0.0 2253 295 1236.8125 16
180 0.1 631.0 0.0 2253 295 1224.5882352941176 17
190 0.1 459.0 0.0 2253 295 1191.611111111111 18
200 0.1 150.0 0.0 2253 150 1153.0526315789473 19
210 0.1 175.0 0.0 2253 150 1102.9 20
220 0.1 91.0 0.0 2253 91 1058.7142857142858 21
227 0.1 40.0 0.0 2253 40 1014.7272727272727 22
