40 0.1 32028.617 0 32028.617 32028.617 0 0
50 0.6 38831.72416666666 6030.35431847064 47454.901 32028.617 32028.617 1
60 0.8 40335.44625 11810.027501824727 58788.615 21976.168 37859.85171428571 7
70 0.2 42538.8555 1865.1324999999997 58788.615 21976.168 39180.16879999999 15
80 0.4 52337.063500000004 6779.041588662461 60005.754 21976.168 39575.3084117647 17
90 0.4 61638.082500000004 13180.973281730952 84329.258 21976.168 42006.118904761905 21
100 1.4 67944.86535714286 8438.401975374461 84329.258 21976.168 45147.233080000005 25
110 1.4 61946.25028571428 16203.481679195034 95457.582 21976.168 53330.998512820515 39
120 2.1 73704.01885714284 23197.96888031122 121497.84 21976.168 55606.725396226415 53
130 1.9 73798.56042105265 23981.761279750543 132647.081 21976.168 60742.443810810815 74
140 8.5 68378.46571764702 22345.60181492791 141210.437 21976.168 63409.822473118285 93
150 9.8 59686.960612244904 17399.412911554893 141210.437 21976.168 65782.48919101122 178
160 5.9 65482.25533898304 21588.71631124861 160623.621 21976.168 63618.1348405797 276
170 4.6 76627.39710869567 18466.2424045496 160623.621 21976.168 63946.44262985073 335
180 3 79212.26220000001 11083.212573158638 160623.621 21976.168 65477.476503936996 381
190 1.1 89816.90536363637 13341.087556150149 160623.621 21976.168 66480.0156058394 411
200 0.6 98045.25499999999 12840.62411315965 160623.621 21976.168 67088.32315876776 422
210 0.6 113832.9035 22537.785353070776 160623.621 21976.168 67522.29883878503 428
220 0.2 121093.5445 2531.0475000000006 160623.621 21976.168 68162.53761290321 434
227 0.1 170026.221 0.0 170026.221 21976.168 68405.34039678898 436
