0 11.82265625 11.82265625
10 29.4328125 41.25546875
20 38.83203125 80.0875
30 50.87109375 130.95859375
40 78.14765625 209.10625
50 122.25390625 331.36015625
60 131.63984375 463
70 153.025 616.025
80 165.55 781.575
90 197.6515625 979.2265625
100 309.03828125 1288.26484375
110 351.44296875 1639.7078125
120 383.04609375 2022.75390625
130 274.21953125 2296.9734375
140 496.07265625 2793.04609375
150 391.5703125 3184.61640625
160 278.9234375 3463.53984375
170 170.5828125 3634.12265625
180 93.33125 3727.45390625
190 41.9125 3769.36640625
200 30.875 3800.24140625
210 26.24765625 3826.4890625
220 6.0453125 3832.534375
227 0.61953125 3833.15390625
