0 85.01796875 85.01796875
10 152.00859375 237.0265625
20 207.13515625 444.16171875
30 244.70625 688.86796875
40 369.4953125 1058.36328125
50 390.1296875 1448.49296875
60 642.38515625 2090.878125
70 534.74609375 2625.62421875
80 666.565625 3292.18984375
90 740.33046875 4032.5203125
100 746.8109375 4779.33125
110 649.7390625 5429.0703125
120 649.4640625 6078.534375
130 527.71640625 6606.25078125
140 1099.75546875 7706.00625
150 747.3640625 8453.3703125
160 511.94375 8965.3140625
170 297.13125 9262.4453125
180 163.940625 9426.3859375
190 71.6296875 9498.015625
200 51.1984375 9549.2140625
210 41.83046875 9591.04453125
220 9.73125 9600.77578125
227 1.53125 9602.30703125
