0 0.1 7.734972768886364 0 7.734972768886364 7.734972768886364 0 0
10 0.1 2.7860696517412937 0.0 7.734972768886364 2.7860696517412937 7.734972768886364 1
20 0.1 1.9 0.0 7.734972768886364 1.9 5.260521210313829 2
30 0.1 0.4012036108324975 0.0 7.734972768886364 0.4012036108324975 4.140347473542553 3
40 0.1 0.40040040040040037 0.0 7.734972768886364 0.40040040040040037 3.2055615078650392 4
50 0.1 1.002004008016032 0.0 7.734972768886364 0.40040040040040037 2.6445292863721113 5
60 0.1 2.7054108216432864 0.0 7.734972768886364 0.40040040040040037 2.370775073312765 6
70 0.1 1.4000000000000001 0.0 7.734972768886364 0.40040040040040037 2.4185801802171247 7
80 0.1 1.693227091633466 0.0 7.734972768886364 0.40040040040040037 2.291257657689984 8
90 0.1 1.75609756097561 0.0 7.734972768886364 0.40040040040040037 2.2248098170170376 9
100 0.1 2.2044088176352705 0.0 7.734972768886364 0.40040040040040037 2.1779385914128953 10
110 0.1 4.208416833667335 0.0 7.734972768886364 0.40040040040040037 2.180344975614929 11
120 0.1 3.6363636363636362 0.0 7.734972768886364 0.40040040040040037 2.349350963785963 12
130 0.1 3.939393939393939 0.0 7.734972768886364 0.40040040040040037 2.44835193859963 13
140 0.1 2.7327935222672064 0.0 7.734972768886364 0.40040040040040037 2.5548549386563666 14
150 0.1 0.9072580645161291 0.0 7.734972768886364 0.40040040040040037 2.5667175108970897 15
160 0.1 0.9072580645161291 0.0 7.734972768886364 0.40040040040040037 2.4630012954982794 16
170 0.1 0.7014028056112225 0.0 7.734972768886364 0.40040040040040037 2.371486987793447 17
180 0.1 0.5015045135406219 0.0 7.734972768886364 0.40040040040040037 2.278704533227768 18
190 0.1 0.3003003003003003 0.0 7.734972768886364 0.3003003003003003 2.1851676900863395 19
200 0.1 0.0 0.0 7.734972768886364 0.0 2.0909243205970376 20
210 0.1 2.19560878243513 0.0 7.734972768886364 0.0 1.9913564958067025 21
220 0.1 0.1998001998001998 0.0 7.734972768886364 0.0 2.0006406906534493 22
223 0.1 0.10010010010010009 0.0 7.734972768886364 0.0 1.922343278007656 23
