0 0.1 3521.52734375 0 3521.52734375 3521.52734375 0 0
10 0.1 3521.11328125 0.0 3521.52734375 3521.11328125 3521.52734375 1
20 0.1 3519.3671875 0.0 3521.52734375 3519.3671875 3521.3203125 2
30 0.1 3518.51953125 0.0 3521.52734375 3518.51953125 3520.6692708333335 3
40 0.1 3518.04296875 0.0 3521.52734375 3518.04296875 3520.1318359375 4
50 0.1 3516.5390625 0.0 3521.52734375 3516.5390625 3519.7140625 5
60 0.1 3515.42578125 0.0 3521.52734375 3515.42578125 3519.1848958333335 6
70 0.1 3515.0234375 0.0 3521.52734375 3515.0234375 3518.647879464286 7
80 0.1 3510.0234375 0.0 3521.52734375 3510.0234375 3518.19482421875 8
90 0.1 3506.46484375 0.0 3521.52734375 3506.46484375 3517.2868923611113 9
100 0.1 3499.73046875 0.0 3521.52734375 3499.73046875 3516.2046875 10
110 0.1 3491.96484375 0.0 3521.52734375 3491.96484375 3514.70703125 11
120 0.1 3489.54296875 0.0 3521.52734375 3489.54296875 3512.8118489583335 12
130 0.1 3482.671875 0.0 3521.52734375 3482.671875 3511.021935096154 13
140 0.1 3480.6171875 0.0 3521.52734375 3480.6171875 3508.9969308035716 14
150 0.1 3484.01171875 0.0 3521.52734375 3480.6171875 3507.104947916667 15
160 0.1 3484.00390625 0.0 3521.52734375 3480.6171875 3505.66162109375 16
170 0.1 3485.25390625 0.0 3521.52734375 3480.6171875 3504.387637867647 17
180 0.1 3485.32421875 0.0 3521.52734375 3480.6171875 3503.324652777778 18
190 0.1 3485.3671875 0.0 3521.52734375 3480.6171875 3502.377261513158 19
200 0.1 3485.37890625 0.0 3521.52734375 3480.6171875 3501.5267578125 20
210 0.1 3485.21484375 0.0 3521.52734375 3480.6171875 3500.7578125 21
220 0.1 3485.65234375 0.0 3521.52734375 3480.6171875 3500.0513139204545 22
223 0.1 3485.66015625 0.0 3521.52734375 3480.6171875 3499.4252717391305 23
