0 0.1 0.08984375 0 0.08984375 0.08984375 0 0
10 0.1 0.1484375 0.0 0.1484375 0.08984375 0.08984375 1
20 0.1 0.12890625 0.0 0.1484375 0.08984375 0.119140625 2
30 0.1 0.109375 0.0 0.1484375 0.08984375 0.12239583333333333 3
40 0.1 0.08984375 0.0 0.1484375 0.08984375 0.119140625 4
50 0.1 0.078125 0.0 0.1484375 0.078125 0.11328125 5
60 0.1 0.0703125 0.0 0.1484375 0.0703125 0.107421875 6
70 0.1 0.05859375 0.0 0.1484375 0.05859375 0.10212053571428571 7
80 0.1 0.05078125 0.0 0.1484375 0.05078125 0.0966796875 8
90 0.1 0.0390625 0.0 0.1484375 0.0390625 0.0915798611111111 9
100 0.1 0.03125 0.0 0.1484375 0.03125 0.086328125 10
110 0.1 0.03125 0.0 0.1484375 0.03125 0.08132102272727272 11
120 0.1 0.01953125 0.0 0.1484375 0.01953125 0.07714843749999999 12
130 0.1 0.01953125 0.0 0.1484375 0.01953125 0.07271634615384613 13
140 0.1 0.01953125 0.0 0.1484375 0.01953125 0.06891741071428568 14
150 0.1 0.01171875 0.0 0.1484375 0.01171875 0.06562499999999998 15
160 0.1 0.01171875 0.0 0.1484375 0.01171875 0.06225585937499998 16
170 0.1 0.01171875 0.0 0.1484375 0.01171875 0.059283088235294094 17
180 0.1 0.01171875 0.0 0.1484375 0.01171875 0.05664062499999997 18
190 0.1 0.0 0.0 0.1484375 0.0 0.05427631578947366 19
200 0.1 0.0 0.0 0.1484375 0.0 0.051562499999999976 20
210 0.1 0.0 0.0 0.1484375 0.0 0.049107142857142835 21
220 0.1 0.0 0.0 0.1484375 0.0 0.04687499999999998 22
223 0.1 0.0 0.0 0.1484375 0.0 0.044836956521739114 23
