10 0.1 272 0 272 272 0 0
20 0.1 324.0 0.0 324 272 272.0 1
30 0.1 157.0 0.0 324 157 298.0 2
40 0.1 228.0 0.0 324 157 251.0 3
50 0.1 368.0 0.0 368 157 245.25 4
60 0.1 397.0 0.0 397 157 269.8 5
70 0.1 446.0 0.0 446 157 291.0 6
80 0.1 634.0 0.0 634 157 313.14285714285717 7
90 0.1 839.0 0.0 839 157 353.25 8
100 0.1 1209.0 0.0 1209 157 407.22222222222223 9
110 0.1 1666.0 0.0 1666 157 487.4 10
120 0.1 1677.0 0.0 1677 157 594.5454545454545 11
130 0.1 1853.0 0.0 1853 157 684.75 12
140 0.1 983.0 0.0 1853 157 774.6153846153846 13
150 0.1 694.0 0.0 1853 157 789.5 14
160 0.1 645.0 0.0 1853 157 783.1333333333333 15
170 0.1 355.0 0.0 1853 157 774.5 16
180 0.1 235.0 0.0 1853 157 749.8235294117648 17
190 0.1 142.0 0.0 1853 142 721.2222222222222 18
200 0.1 99.0 0.0 1853 99 690.7368421052631 19
210 0.1 144.0 0.0 1853 99 661.15 20
220 0.1 25.0 0.0 1853 25 636.5238095238095 21
223 0.1 8.0 0.0 1853 8 608.7272727272727 22
