10 0.1 408 0 408 408 0 0
20 0.1 390.0 0.0 408 390 408.0 1
30 0.1 181.0 0.0 408 181 399.0 2
40 0.1 286.0 0.0 408 181 326.3333333333333 3
50 0.1 446.0 0.0 446 181 316.25 4
60 0.1 605.0 0.0 605 181 342.2 5
70 0.1 594.0 0.0 605 181 386.0 6
80 0.1 868.0 0.0 868 181 415.7142857142857 7
90 0.1 1016.0 0.0 1016 181 472.25 8
100 0.1 1561.0 0.0 1561 181 532.6666666666666 9
110 0.1 2170.0 0.0 2170 181 635.5 10
120 0.1 2366.0 0.0 2366 181 775.0 11
130 0.1 2546.0 0.0 2546 181 907.5833333333334 12
140 0.1 1630.0 0.0 2546 181 1033.6153846153845 13
150 0.1 1254.0 0.0 2546 181 1076.2142857142856 14
160 0.1 1074.0 0.0 2546 181 1088.0666666666666 15
170 0.1 626.0 0.0 2546 181 1087.1875 16
180 0.1 400.0 0.0 2546 181 1060.0588235294117 17
190 0.1 218.0 0.0 2546 181 1023.3888888888889 18
200 0.1 138.0 0.0 2546 138 981.0 19
210 0.1 239.0 0.0 2546 138 938.85 20
220 0.1 34.0 0.0 2546 34 905.5238095238095 21
223 0.1 12.0 0.0 2546 12 865.9090909090909 22
