0 9.69140625 9.69140625
10 24.2546875 33.94609375
20 34.64609375 68.5921875
30 51.828125 120.4203125
40 63.13203125 183.55234375
50 65.33515625 248.8875
60 71.10078125 319.98828125
70 120.62578125 440.6140625
80 133.6796875 574.29375
90 214.43046875 788.72421875
100 291.815625 1080.53984375
110 343.8546875 1424.39453125
120 388.359375 1812.75390625
130 304.2859375 2117.03984375
140 249.65625 2366.69609375
150 227.5640625 2594.26015625
160 144.89140625 2739.1515625
170 83.19765625 2822.34921875
180 52.1875 2874.53671875
190 30.36953125 2904.90625
200 8.86953125 2913.77578125
210 10.2 2923.97578125
220 1.43828125 2925.4140625
223 2.15859375 2927.57265625
