0 0.1 3523.9296875 0 3523.9296875 3523.9296875 0 0
10 0.1 3523.51953125 0.0 3523.9296875 3523.51953125 3523.9296875 1
20 0.1 3519.96875 0.0 3523.9296875 3519.96875 3523.724609375 2
30 0.1 3518.515625 0.0 3523.9296875 3518.515625 3522.47265625 3
40 0.1 3513.0390625 0.0 3523.9296875 3513.0390625 3521.4833984375 4
50 0.1 3506.47265625 0.0 3523.9296875 3506.47265625 3519.79453125 5
60 0.1 3502.68359375 0.0 3523.9296875 3502.68359375 3517.57421875 6
70 0.1 3501.3984375 0.0 3523.9296875 3501.3984375 3515.4469866071427 7
80 0.1 3493.18359375 0.0 3523.9296875 3493.18359375 3513.69091796875 8
90 0.1 3485.40625 0.0 3523.9296875 3485.40625 3511.4123263888887 9
100 0.1 3481.15625 0.0 3523.9296875 3481.15625 3508.81171875 10
110 0.1 3466.35546875 0.0 3523.9296875 3466.35546875 3506.2975852272725 11
120 0.1 3450.55859375 0.0 3523.9296875 3450.55859375 3502.9690755208335 12
130 0.1 3436.3046875 0.0 3523.9296875 3436.3046875 3498.9375 13
140 0.1 3430.1640625 0.0 3523.9296875 3430.1640625 3494.4637276785716 14
150 0.1 3429.6953125 0.0 3523.9296875 3429.6953125 3490.1770833333335 15
160 0.1 3429.53515625 0.0 3523.9296875 3429.53515625 3486.39697265625 16
170 0.1 3429.7578125 0.0 3523.9296875 3429.53515625 3483.0521599264707 17
180 0.1 3429.66796875 0.0 3523.9296875 3429.53515625 3480.091362847222 18
190 0.1 3429.5390625 0.0 3523.9296875 3429.53515625 3477.4375 19
200 0.1 3429.58203125 0.0 3523.9296875 3429.53515625 3475.042578125 20
210 0.1 3429.515625 0.0 3523.9296875 3429.515625 3472.8777901785716 21
220 0.1 3429.52734375 0.0 3523.9296875 3429.515625 3470.9067826704545 22
230 0.1 3429.64453125 0.0 3523.9296875 3429.515625 3469.107676630435 23
240 0.1 3437.63671875 0.0 3523.9296875 3429.515625 3467.46337890625 24
250 0.1 3437.65625 0.0 3523.9296875 3429.515625 3466.2703125 25
260 0.1 3437.67578125 0.0 3523.9296875 3429.515625 3465.1697716346152 26
270 0.1 3437.69140625 0.0 3523.9296875 3429.515625 3464.1514756944443 27
275 0.1 3437.69140625 0.0 3523.9296875 3429.515625 3463.206473214286 28
