10 0.1 195 0 195 195 0 0
20 0.1 391.0 0.0 391 195 195.0 1
30 0.1 232.0 0.0 391 195 293.0 2
40 0.1 457.0 0.0 457 195 272.6666666666667 3
50 0.1 667.0 0.0 667 195 318.75 4
60 0.1 768.0 0.0 768 195 388.4 5
70 0.1 910.0 0.0 910 195 451.6666666666667 6
80 0.1 1311.0 0.0 1311 195 517.1428571428571 7
90 0.1 1540.0 0.0 1540 195 616.375 8
100 0.1 1924.0 0.0 1924 195 719.0 9
110 0.1 2622.0 0.0 2622 195 839.5 10
120 0.1 3275.0 0.0 3275 195 1001.5454545454545 11
130 0.1 2638.0 0.0 3275 195 1191.0 12
140 0.1 2342.0 0.0 3275 195 1302.3076923076924 13
150 0.1 1150.0 0.0 3275 195 1376.5714285714287 14
160 0.1 925.0 0.0 3275 195 1361.4666666666667 15
170 0.1 677.0 0.0 3275 195 1334.1875 16
180 0.1 430.0 0.0 3275 195 1295.5294117647059 17
190 0.1 237.0 0.0 3275 195 1247.4444444444443 18
200 0.1 150.0 0.0 3275 150 1194.2631578947369 19
210 0.1 82.0 0.0 3275 82 1142.05 20
220 0.1 26.0 0.0 3275 26 1091.5714285714287 21
230 0.1 16.0 0.0 3275 16 1043.1363636363637 22
240 0.1 95.0 0.0 3275 16 998.4782608695654 23
250 0.1 11.0 0.0 3275 11 960.8333333333335 24
260 0.1 11.0 0.0 3275 11 922.8400000000001 25
270 0.1 24.0 0.0 3275 11 887.769230769231 26
275 0.1 20.0 0.0 3275 11 855.7777777777779 27
