10 0.1 264 0 264 264 0 0
20 0.1 608.0 0.0 608 264 264.0 1
30 0.1 214.0 0.0 608 214 436.0 2
40 0.1 425.0 0.0 608 214 362.0 3
50 0.1 611.0 0.0 611 214 377.75 4
60 0.1 759.0 0.0 759 214 424.4 5
70 0.1 905.0 0.0 905 214 480.1666666666667 6
80 0.1 1317.0 0.0 1317 214 540.8571428571429 7
90 0.1 1437.0 0.0 1437 214 637.875 8
100 0.1 1779.0 0.0 1779 214 726.6666666666666 9
110 0.1 2288.0 0.0 2288 214 831.9 10
120 0.1 2784.0 0.0 2784 214 964.2727272727273 11
130 0.1 2155.0 0.0 2784 214 1115.9166666666667 12
140 0.1 2146.0 0.0 2784 214 1195.8461538461538 13
150 0.1 1335.0 0.0 2784 214 1263.7142857142858 14
160 0.1 1067.0 0.0 2784 214 1268.4666666666667 15
170 0.1 781.0 0.0 2784 214 1255.875 16
180 0.1 713.0 0.0 2784 214 1227.9411764705883 17
190 0.1 428.0 0.0 2784 214 1199.3333333333333 18
200 0.1 250.0 0.0 2784 214 1158.7368421052631 19
210 0.1 155.0 0.0 2784 155 1113.3 20
220 0.1 41.0 0.0 2784 41 1067.6666666666667 21
230 0.1 24.0 0.0 2784 24 1021.0 22
240 0.1 212.0 0.0 2784 24 977.6521739130435 23
250 0.1 14.0 0.0 2784 14 945.75 24
260 0.1 11.0 0.0 2784 11 908.48 25
270 0.1 36.0 0.0 2784 11 873.9615384615385 26
275 0.1 29.0 0.0 2784 11 842.925925925926 27
