0 1.2 2.57225 3.3025216659647616 13.446 1.258 0 0
10 1.3 1.4023846153846153 0.24994262063415162 13.446 0.991 2.57225 12
20 1.7 1.5960588235294118 0.3228369595045544 13.446 0.991 1.9639199999999999 25
30 2.1 1.6570952380952384 0.45438120190429415 13.446 0.991 1.8150238095238094 42
40 2.4 1.7725416666666665 0.8830780910715402 13.446 0.941 1.7623809523809524 63
50 3.8 1.8502105263157893 1.36353735320064 13.446 0.91 1.765183908045977 87
60 3.5 1.7656571428571428 1.3184638234997392 13.446 0.82 1.791032 125
70 5.6 1.5258214285714293 0.4770281927555996 13.446 0.82 1.7854812500000001 160
80 7.1 1.5153380281690132 0.9601525545404118 13.446 0.716 1.7181620370370372 216
90 9.6 1.4918229166666672 1.0531597595133229 13.446 0.716 1.66798606271777 287
100 10.3 3.0019805825242707 6.1444034761149 45.883 0.716 1.6238302872062664 383
110 14.2 1.5475563380281683 0.9421990274827324 45.883 0.716 1.9159074074074072 486
120 9.1 1.8593296703296696 2.507992420090134 45.883 0.716 1.8326178343949042 628
130 5.5 1.3160909090909088 1.1016693328799998 45.883 0.716 1.8359986091794154 719
140 2.6 1.2278461538461534 0.2685510540643124 45.883 0.716 1.799054263565891 774
150 0.6 1.2185 0.1821846590687591 45.883 0.716 1.7804899999999995 800
160 0 0 0 45.883 0.716 1.7763064516129026 806
170 0 0 0 45.883 0.716 1.7763064516129026 806
180 0.2 6.093 4.521 45.883 0.716 1.7763064516129026 806
190 0.1 1.251 0.0 45.883 0.716 1.7869913366336627 808
200 0.2 1.4335 0.26550000000000007 45.883 0.716 1.7863288009888745 809
210 0 0 0 45.883 0.716 1.7854586929716392 811
220 0 0 0 45.883 0.716 1.7854586929716392 811
230 0.1 2.293 0.0 45.883 0.716 1.7854586929716392 811
240 0 0 0 45.883 0.716 1.7860837438423636 812
250 0 0 0 45.883 0.716 1.7860837438423636 812
258 0 0 0 45.883 0.716 1.7860837438423636 812
