0 0.1 1.8417948751182713 0 1.8417948751182713 1.8417948751182713 0 0
10 0.1 0.8 0.0 1.8417948751182713 0.8 1.8417948751182713 1
20 0.1 0.40040040040040037 0.0 1.8417948751182713 0.40040040040040037 1.3208974375591356 2
30 0.1 0.5020080321285141 0.0 1.8417948751182713 0.40040040040040037 1.014065091839557 3
40 0.1 0.802407221664995 0.0 1.8417948751182713 0.40040040040040037 0.8860508269117964 4
50 0.1 0.8040201005025126 0.0 1.8417948751182713 0.40040040040040037 0.8693221058624362 5
60 0.1 0.7049345417925479 0.0 1.8417948751182713 0.40040040040040037 0.8584384383024489 6
70 0.1 1.7085427135678393 0.0 1.8417948751182713 0.40040040040040037 0.8365093102296058 7
80 0.1 5.015045135406218 0.0 5.015045135406218 0.40040040040040037 0.945513485646885 8
90 0.1 2.3023023023023024 0.0 5.015045135406218 0.40040040040040037 1.3976836689534775 9
100 0.1 2.6078234704112337 0.0 5.015045135406218 0.40040040040040037 1.4881455322883599 10
110 0.1 3.015075376884422 0.0 5.015045135406218 0.40040040040040037 1.5899344357540757 11
120 0.1 4.246713852376137 0.0 5.015045135406218 0.40040040040040037 1.7086961808482712 12
130 0.1 3.420523138832998 0.0 5.015045135406218 0.40040040040040037 1.903928309427338 13
140 0.1 2.4024024024024024 0.0 5.015045135406218 0.40040040040040037 2.012256511527742 14
150 0.1 1.7223910840932117 0.0 5.015045135406218 0.40040040040040037 2.0382662375860527 15
160 0.1 0.9081735620585267 0.0 5.015045135406218 0.40040040040040037 2.0185240404927502 16
170 0.1 0.8056394763343404 0.0 5.015045135406218 0.40040040040040037 1.9532093064672078 17
180 0.1 0.6024096385542169 0.0 5.015045135406218 0.40040040040040037 1.889455427015382 18
190 0.1 0.4008016032064128 0.0 5.015045135406218 0.40040040040040037 1.82171617499111 19
200 0.1 0.1004016064257028 0.0 5.015045135406218 0.1004016064257028 1.750670446401875 20
210 0.1 0.10030090270812438 0.0 5.015045135406218 0.10030090270812438 1.6720862159268193 21
220 0.1 0.3003003003003003 0.0 5.015045135406218 0.10030090270812438 1.6006414289623334 22
230 0.1 0.10010010010010009 0.0 5.015045135406218 0.10010010010010009 1.5441048581509407 23
240 0.1 0.0 0.0 5.015045135406218 0.0 1.4839379932321555 24
250 0.1 2.1021021021021022 0.0 5.015045135406218 0.0 1.4245804735028693 25
258 0.1 0.1 0.0 5.015045135406218 0.0 1.450638997679763 26
