0 4 108.27734999999996 209.45722802991904 959.421 4.105 0 0
10 5.1 701.875274509804 1639.1761445549416 5341.301 1.058 108.27734999999996 40
20 7.2 1367.7419444444429 2289.3761650480246 5616.098 0.58 440.9531098901099 91
30 7 557.6869285714287 1529.038306361675 5616.098 0.58 850.3322269938643 163
40 13.4 881.7977014925378 1879.6457139416325 5764.299 0.58 762.413038626609 233
50 15.7 1151.8569363057325 5469.490595335575 49702.576 0.533 806.0030790190734 367
60 19.8 2072.8055808080803 6844.888933931109 56043.978 0.47 909.6272309160304 524
70 26.1 1271.2166398467432 1967.2848716169115 56043.978 0.47 1228.6151994459833 722
80 24.9 2035.9277710843373 2021.5131844816074 56043.978 0.47 1239.926466937945 983
90 31.2 2609.9644871794876 2099.590917251424 56043.978 0.454 1400.8066006493505 1232
100 34.4 3191.1410872093 2364.858867059825 56043.978 0.454 1645.1442046632123 1544
110 66.1 2542.4363585476563 5511.3510585723025 59806.162 0.444 1926.830077330508 1888
120 57.4 2298.835952961673 4371.069086664463 59806.162 0.444 2086.4674848960376 2549
130 45.9 4069.029376906317 4008.1635632675716 59806.162 0.444 2125.500306115914 3123
140 69.9 1064.742862660944 2377.884115623933 59806.162 0.438 2374.54548855388 3582
150 43.6 133.85171330275244 783.7171927443414 59806.162 0.438 2160.68142980612 4281
160 26.9 50.505910780669225 351.1587802755988 59806.162 0.438 1973.3382548229808 4717
170 20.2 7.832999999999999 2.5503799018115627 59806.162 0.438 1869.5994059366226 4986
180 8.8 7.801454545454541 2.608167533786417 59806.162 0.438 1797.10965767155 5188
190 5.9 778.7186779661018 5863.393582117368 59806.162 0.438 1767.2652448824872 5276
200 4.1 1041.737243902439 6535.717686743312 59806.162 0.438 1756.3328648547333 5335
210 2.6 1581.4419615384618 7861.526584440927 59806.162 0.438 1750.8830098586313 5376
220 1.7 2433.8628235294113 9691.603480633854 59806.162 0.438 1750.0674846353209 5402
230 0.9 8.52977777777778 1.630423651677875 59806.162 0.438 1752.2126259457468 5419
240 0.1 7.629 0.0 59806.162 0.438 1749.3214789977897 5428
250 0.1 41282.458 0.0 59806.162 0.438 1749.0006662368764 5429
258 0.4 12.1845 2.9517263169203205 59806.162 0.438 1756.2812292817684 5430
