0 4 108.27734999999996 209.45722802991904 959.421 4.105 0 0
10 5.1 701.875274509804 1639.1761445549416 5341.301 1.058 108.27734999999996 40
20 7.2 1367.7419444444429 2289.3761650480246 5616.098 0.58 440.9531098901099 91
30 7.6 513.6513947368421 1475.1132312771974 5616.098 0.58 850.3322269938643 163
40 14.7 803.8087755102044 1811.6963091503846 5764.299 0.58 743.2705397489534 239
50 17.5 1034.901445714286 5191.634736209926 49702.576 0.533 766.3252564766838 386
60 22.1 1858.4383257918523 6507.383078939165 56043.978 0.47 850.1057076648842 561
70 29.7 1120.5623400673396 1874.4140910123638 56043.978 0.47 1135.069273657288 782
80 26.5 1910.3374905660378 1972.6210042773794 56043.978 0.47 1131.076169601482 1079
90 33 2490.0557333333363 2003.1073945292007 56043.978 0.454 1284.7251651785707 1344
100 36.1 3133.311772853184 2262.8110123542046 56043.978 0.454 1522.3351338112307 1674
110 71.9 2366.2687566063987 5215.265731664938 59806.162 0.444 1808.1152648648645 2035
120 64.8 2127.517882716049 4024.0308059764866 59806.162 0.444 1953.8350762527232 2754
130 56.2 3348.866284697506 3183.7396877392644 59806.162 0.444 1986.917515579071 3402
140 96 633.642304166665 1673.1427711750307 59806.162 0.438 2180.0091422805244 3964
150 64.1 91.0072277691109 648.7873043609981 59806.162 0.438 1878.5241372867579 4924
160 41.9 32.37248687350832 281.960963887688 59806.162 0.438 1672.6304555256056 5565
170 31.8 4.951729559748432 1.2865945820987938 59806.162 0.438 1557.779504846256 5984
180 13.6 5.02403676470588 1.0682670161368852 59806.162 0.438 1479.4235491907325 6302
190 9.3 493.9970967741935 4685.2141498761375 59806.162 0.438 1448.2774892823852 6438
200 6.3 677.9307301587304 5295.817988293478 59806.162 0.438 1434.6887468994023 6531
210 4.3 956.1908604651163 6161.777387428868 59806.162 0.438 1427.4585747649373 6594
220 2.8 1477.6725714285712 7644.618605670053 59806.162 0.438 1424.4053109838778 6637
230 1.4 5.454357142857142 1.053276358196031 59806.162 0.438 1424.6290894223553 6665
240 0.1 7.629 0.0 59806.162 0.438 1421.6543257972746 6679
250 0.1 41282.458 0.0 59806.162 0.438 1421.442645359281 6680
258 0.7 6.9192857142857145 1.6593411527544573 59806.162 0.438 1427.4089700643613 6681
