10 0.1 197 0 197 197 0 0
20 0.1 292.0 0.0 292 197 197.0 1
30 0.1 230.0 0.0 292 197 244.5 2
40 0.1 357.0 0.0 357 197 239.66666666666666 3
50 0.1 566.0 0.0 566 197 269.0 4
60 0.1 622.0 0.0 622 197 328.4 5
70 0.1 848.0 0.0 848 197 377.3333333333333 6
80 0.1 1192.0 0.0 1192 197 444.57142857142856 7
90 0.1 1180.0 0.0 1192 197 538.0 8
100 0.1 1471.0 0.0 1471 197 609.3333333333334 9
110 0.1 1588.0 0.0 1588 197 695.5 10
120 0.1 2258.0 0.0 2258 197 776.6363636363636 11
130 0.1 1821.0 0.0 2258 197 900.0833333333334 12
140 0.1 1433.0 0.0 2258 197 970.9230769230769 13
150 0.1 1898.0 0.0 2258 197 1003.9285714285714 14
160 0.1 1251.0 0.0 2258 197 1063.5333333333333 15
170 0.1 850.0 0.0 2258 197 1075.25 16
180 0.1 631.0 0.0 2258 197 1062.0 17
190 0.1 265.0 0.0 2258 197 1038.0555555555557 18
200 0.1 189.0 0.0 2258 189 997.3684210526316 19
210 0.1 137.0 0.0 2258 137 956.95 20
220 0.1 91.0 0.0 2258 91 917.9047619047619 21
230 0.1 55.0 0.0 2258 55 880.3181818181819 22
240 0.1 48.0 0.0 2258 48 844.4347826086956 23
250 0.1 195.0 0.0 2258 48 811.25 24
258 0.1 10.0 0.0 2258 10 786.6 25
