0 141.12265625 141.12265625
10 192.8625 333.98515625
20 157.12734375 491.1125
30 180.68125 671.79375
40 345.490625 1017.284375
50 441.83046875 1459.11484375
60 493.390625 1952.50546875
70 703.38515625 2655.890625
80 630.2 3286.090625
90 852.33359375 4138.42421875
100 827.73359375 4966.1578125
110 771.96328125 5738.12109375
120 542.8625 6280.98359375
130 580.58515625 6861.56875
140 1061.8765625 7923.4453125
150 683.2953125 8606.740625
160 429.03671875 9035.77734375
170 323.0328125 9358.81015625
180 140.35859375 9499.16875
190 95.7796875 9594.9484375
200 65.8 9660.7484375
210 43.53984375 9704.28828125
220 28.896875 9733.18515625
230 14.40703125 9747.5921875
240 1.53125 9749.1234375
250 1.98125 9751.1046875
258 6.70859375 9757.81328125
