0 1.4 2.058357142857143 2.1182954942642938 9.661 1.116 0 0
10 0.9 2.37 1.794233293390553 9.661 1.047 2.058357142857143 14
20 0.7 6.433714285714287 6.042962535386236 16.585 1.047 2.180304347826087 23
30 1.7 1.762941176470588 1.1303986007332956 16.585 0.875 3.1727666666666674 30
40 2.8 2.2433214285714285 2.018459685955241 16.585 0.875 2.662829787234043 47
50 1.5 1.6506666666666665 0.5297246664279682 16.585 0.875 2.5062133333333336 75
60 3.5 2.8503142857142856 3.525961273358584 21.589 0.875 2.3636222222222223 90
70 2.8 1.4855000000000003 0.25431666143946274 21.589 0.875 2.4998959999999997 125
80 5.5 1.433018181818182 0.3016098919832518 21.589 0.875 2.314254901960784 153
90 9.1 1.2052307692307689 0.44355526872746287 21.589 0.761 2.081235576923077 208
100 15.3 1.2230196078431375 0.6328359085870773 21.589 0.755 1.8146254180602006 299
110 18.6 1.228682795698925 0.569696817524515 21.589 0.751 1.6143694690265489 452
120 9.1 1.3032087912087906 1.05727759998933 21.589 0.73 1.5019278996865206 638
130 0.8 1.2985000000000002 0.30883369311006204 21.589 0.73 1.4771220850480111 729
140 2.1 1.185238095238095 0.22380112446245126 21.589 0.73 1.4751831750339213 737
150 1.3 1.2761538461538462 0.33975077883056626 21.589 0.73 1.4671503957783643 758
160 0.7 2.4497142857142857 2.6656528395919246 21.589 0.73 1.4639299610894942 771
170 0.8 2.28975 2.3423862165535385 21.589 0.73 1.4727994858611824 778
180 0.8 2.20075 2.195209998496727 21.589 0.73 1.4811145038167939 786
190 0 0 0 21.589 0.73 1.4883652392947102 794
200 0 0 0 21.589 0.73 1.4883652392947102 794
210 0.2 3.202 1.454 21.589 0.73 1.4883652392947102 794
220 0 0 0 21.589 0.73 1.4926708542713567 796
230 0 0 0 21.589 0.73 1.4926708542713567 796
240 0 0 0 21.589 0.73 1.4926708542713567 796
250 0.1 22.443 0.0 22.443 0.73 1.4926708542713567 796
260 0.4 1.48875 0.4803646401432979 22.443 0.73 1.518957340025094 797
270 0.2 1.3090000000000002 0.2049999999999999 22.443 0.73 1.5188064918851434 801
280 0 0 0 22.443 0.73 1.518283935242839 803
290 0 0 0 22.443 0.73 1.518283935242839 803
300 0 0 0 22.443 0.73 1.518283935242839 803
310 0 0 0 22.443 0.73 1.518283935242839 803
320 0 0 0 22.443 0.73 1.518283935242839 803
330 0 0 0 22.443 0.73 1.518283935242839 803
340 0 0 0 22.443 0.73 1.518283935242839 803
350 0.1 10.982 0.0 22.443 0.73 1.518283935242839 803
360 0 0 0 22.443 0.73 1.530054726368159 804
370 0 0 0 22.443 0.73 1.530054726368159 804
380 0 0 0 22.443 0.73 1.530054726368159 804
390 0 0 0 22.443 0.73 1.530054726368159 804
400 0 0 0 22.443 0.73 1.530054726368159 804
410 0 0 0 22.443 0.73 1.530054726368159 804
