0 0.1 0.46392745446896083 0 0.46392745446896083 0.46392745446896083 0 0
10 0.1 0.9970089730807578 0.0 0.9970089730807578 0.46392745446896083 0.46392745446896083 1
20 0.1 2.8827037773359843 0.0 2.8827037773359843 0.46392745446896083 0.7304682137748593 2
30 0.1 0.39920159680638717 0.0 2.8827037773359843 0.39920159680638717 1.4478800682952342 3
40 0.1 0.2004008016032064 0.0 2.8827037773359843 0.2004008016032064 1.1857104504230225 4
50 0.1 0.6 0.0 2.8827037773359843 0.2004008016032064 0.9886485206590592 5
60 0.1 0.9970089730807578 0.0 2.8827037773359843 0.2004008016032064 0.9238737672158827 6
70 0.1 0.6958250497017893 0.0 2.8827037773359843 0.2004008016032064 0.9343216537680076 7
80 0.1 0.5 0.0 2.8827037773359843 0.2004008016032064 0.9045095782597303 8
90 0.1 0.9045226130653266 0.0 2.8827037773359843 0.2004008016032064 0.8595640695642047 9
100 0.1 3.389830508474576 0.0 3.389830508474576 0.2004008016032064 0.864059923914317 10
110 0.1 6.132542037586548 0.0 6.132542037586548 0.2004008016032064 1.0936754316016133 11
120 0.1 6.752730883813307 0.0 6.752730883813307 0.2004008016032064 1.5135809821003576 12
130 0.1 2.3069207622868606 0.0 6.752730883813307 0.2004008016032064 1.9165925130013537 13
140 0.1 1.0060362173038229 0.0 6.752730883813307 0.2004008016032064 1.9444731022360329 14
150 0.1 1.60481444332999 0.0 6.752730883813307 0.2004008016032064 1.8819106432405521 15
160 0.1 1.402805611222445 0.0 6.752730883813307 0.2004008016032064 1.864592130746142 16
170 0.1 13.043478260869565 0.0 13.043478260869565 0.2004008016032064 1.8374282178329833 17
180 0.1 5.205205205205205 0.0 13.043478260869565 0.2004008016032064 2.459986553557238 18
190 0.1 0.7007007007007007 0.0 13.043478260869565 0.2004008016032064 2.604471745749236 19
200 0.1 0.40040040040040037 0.0 13.043478260869565 0.2004008016032064 2.509283193496809 20
210 0.1 0.5934718100890208 0.0 13.043478260869565 0.2004008016032064 2.408860203349361 21
220 0.1 2.091633466135458 0.0 13.043478260869565 0.2004008016032064 2.326342549110255 22
230 0.1 0.2997002997002997 0.0 13.043478260869565 0.2004008016032064 2.31613780637222 23
240 0.1 0.1002004008016032 0.0 13.043478260869565 0.1002004008016032 2.232119576927557 24
250 0.1 0.1002004008016032 0.0 13.043478260869565 0.1002004008016032 2.1468428098825187 25
260 0.1 0.29940119760479045 0.0 13.043478260869565 0.1002004008016032 2.0681257941486377 26
270 0.1 0.9018036072144289 0.0 13.043478260869565 0.1002004008016032 2.0026174757581248 27
280 0.1 2.6026026026026026 0.0 13.043478260869565 0.1002004008016032 1.9633026947387069 28
290 0.1 0.20020020020020018 0.0 13.043478260869565 0.1002004008016032 1.9853475191478067 29
300 0.1 0.1 0.0 13.043478260869565 0.1 1.92584260851622 30
310 0.1 0.1 0.0 13.043478260869565 0.1 1.8669444598544065 31
320 0.1 0.0 0.0 13.043478260869565 0.0 1.8117274454839563 32
330 0.1 0.19960079840319359 0.0 13.043478260869565 0.0 1.7568266138026243 33
340 0.1 0.0 0.0 13.043478260869565 0.0 1.7110258545261705 34
350 0.1 0.2997002997002997 0.0 13.043478260869565 0.0 1.6621394015397084 35
360 0.1 0.1 0.0 13.043478260869565 0.0 1.624293870933058 36
370 0.1 2.293120638085743 0.0 13.043478260869565 0.0 1.5830967392862187 37
380 0.1 0.09980039920159679 0.0 13.043478260869565 0.0 1.6017815787283116 38
390 0.1 0.1 0.0 13.043478260869565 0.0 1.5632692407917292 39
400 0.1 0.2 0.0 13.043478260869565 0.0 1.5266875097719361 40
410 0.1 0.10010010010010009 0.0 13.043478260869565 0.0 1.4943292778262791 41
