0 0.1 3519.96484375 0 3519.96484375 3519.96484375 0 0
10 0.1 3519.609375 0.0 3519.96484375 3519.609375 3519.96484375 1
20 0.1 3511.1640625 0.0 3519.96484375 3511.1640625 3519.787109375 2
30 0.1 3509.015625 0.0 3519.96484375 3509.015625 3516.9127604166665 3
40 0.1 3508.91015625 0.0 3519.96484375 3508.91015625 3514.9384765625 4
50 0.1 3505.77734375 0.0 3519.96484375 3505.77734375 3513.7328125 5
60 0.1 3490.6953125 0.0 3519.96484375 3490.6953125 3512.4069010416665 6
70 0.1 3489.2421875 0.0 3519.96484375 3489.2421875 3509.305245535714 7
80 0.1 3488.6796875 0.0 3519.96484375 3488.6796875 3506.79736328125 8
90 0.1 3487.5078125 0.0 3519.96484375 3487.5078125 3504.7842881944443 9
100 0.1 3482.3046875 0.0 3519.96484375 3482.3046875 3503.056640625 10
110 0.1 3475.9140625 0.0 3519.96484375 3475.9140625 3501.170099431818 11
120 0.1 3471.08203125 0.0 3519.96484375 3471.08203125 3499.0654296875 12
130 0.1 3469.53515625 0.0 3519.96484375 3469.53515625 3496.912860576923 13
140 0.1 3469.3125 0.0 3519.96484375 3469.3125 3494.9573102678573 14
150 0.1 3468.59765625 0.0 3519.96484375 3468.59765625 3493.24765625 15
160 0.1 3469.33203125 0.0 3519.96484375 3468.59765625 3491.70703125 16
170 0.1 3460.71875 0.0 3519.96484375 3460.71875 3490.3908547794117 17
180 0.1 3463.47265625 0.0 3519.96484375 3460.71875 3488.7424045138887 18
190 0.1 3463.33984375 0.0 3519.96484375 3460.71875 3487.412417763158 19
200 0.1 3463.36328125 0.0 3519.96484375 3460.71875 3486.2087890625 20
210 0.1 3463.078125 0.0 3519.96484375 3460.71875 3485.1209077380954 21
220 0.1 3462.3515625 0.0 3519.96484375 3460.71875 3484.118963068182 22
230 0.1 3462.359375 0.0 3519.96484375 3460.71875 3483.172554347826 23
240 0.1 3462.375 0.0 3519.96484375 3460.71875 3482.3053385416665 24
250 0.1 3462.3828125 0.0 3519.96484375 3460.71875 3481.508125 25
260 0.1 3462.390625 0.0 3519.96484375 3460.71875 3480.7725360576924 26
270 0.1 3462.28125 0.0 3519.96484375 3460.71875 3480.091724537037 27
280 0.1 3468.44921875 0.0 3519.96484375 3460.71875 3479.455636160714 28
290 0.1 3468.484375 0.0 3519.96484375 3460.71875 3479.076104525862 29
300 0.1 3468.50390625 0.0 3519.96484375 3460.71875 3478.723046875 30
310 0.1 3468.50390625 0.0 3519.96484375 3460.71875 3478.3933971774195 31
320 0.1 3468.52734375 0.0 3519.96484375 3460.71875 3478.0843505859375 32
330 0.1 3468.53125 0.0 3519.96484375 3460.71875 3477.794744318182 33
340 0.1 3468.5546875 0.0 3519.96484375 3460.71875 3477.522288602941 34
350 0.1 3474.40234375 0.0 3519.96484375 3460.71875 3477.2660714285716 35
360 0.1 3474.4296875 0.0 3519.96484375 3460.71875 3477.1865234375005 36
370 0.1 3474.17578125 0.0 3519.96484375 3460.71875 3477.1120143581084 37
380 0.1 3474.1796875 0.0 3519.96484375 3460.71875 3477.0347450657896 38
390 0.1 3474.21484375 0.0 3519.96484375 3460.71875 3476.9615384615386 39
400 0.1 3474.375 0.0 3519.96484375 3460.71875 3476.89287109375 40
410 0.1 3474.30078125 0.0 3519.96484375 3460.71875 3476.8314596036585 41
