0 0.1 0.0 0 0.0 0.0 0 0
10 0.1 0.0 0.0 0.0 0.0 0.0 1
20 0.1 0.0 0.0 0.0 0.0 0.0 2
30 0.1 0.0 0.0 0.0 0.0 0.0 3
40 0.1 0.0 0.0 0.0 0.0 0.0 4
50 0.1 0.0 0.0 0.0 0.0 0.0 5
60 0.1 0.0 0.0 0.0 0.0 0.0 6
70 0.1 0.0 0.0 0.0 0.0 0.0 7
80 0.1 0.0 0.0 0.0 0.0 0.0 8
90 0.1 0.0 0.0 0.0 0.0 0.0 9
100 0.1 0.0 0.0 0.0 0.0 0.0 10
110 0.1 0.0 0.0 0.0 0.0 0.0 11
120 0.1 0.0 0.0 0.0 0.0 0.0 12
130 0.1 0.0 0.0 0.0 0.0 0.0 13
140 0.1 0.0 0.0 0.0 0.0 0.0 14
150 0.1 0.0 0.0 0.0 0.0 0.0 15
160 0.1 0.0 0.0 0.0 0.0 0.0 16
170 0.1 0.078125 0.0 0.078125 0.0 0.0 17
180 0.1 0.0703125 0.0 0.078125 0.0 0.004340277777777778 18
190 0.1 0.05859375 0.0 0.078125 0.0 0.0078125 19
200 0.1 0.05078125 0.0 0.078125 0.0 0.0103515625 20
210 0.1 0.0390625 0.0 0.078125 0.0 0.012276785714285714 21
220 0.1 0.03125 0.0 0.078125 0.0 0.013494318181818182 22
230 0.1 0.03125 0.0 0.078125 0.0 0.014266304347826086 23
240 0.1 0.01953125 0.0 0.078125 0.0 0.014973958333333334 24
250 0.1 0.01953125 0.0 0.078125 0.0 0.01515625 25
260 0.1 0.01953125 0.0 0.078125 0.0 0.01532451923076923 26
270 0.1 0.01171875 0.0 0.078125 0.0 0.015480324074074073 27
280 0.1 0.01171875 0.0 0.078125 0.0 0.015345982142857142 28
290 0.1 0.01171875 0.0 0.078125 0.0 0.015220905172413793 29
300 0.1 0.01171875 0.0 0.078125 0.0 0.015104166666666667 30
310 0.1 0.0 0.0 0.078125 0.0 0.014994959677419355 31
320 0.1 0.0 0.0 0.078125 0.0 0.0145263671875 32
330 0.1 0.0 0.0 0.078125 0.0 0.014086174242424242 33
340 0.1 0.0 0.0 0.078125 0.0 0.013671875 34
350 0.1 0.0 0.0 0.078125 0.0 0.01328125 35
360 0.1 0.0 0.0 0.078125 0.0 0.012912326388888888 36
370 0.1 0.0 0.0 0.078125 0.0 0.012563344594594595 37
380 0.1 0.0 0.0 0.078125 0.0 0.012232730263157895 38
390 0.1 0.0 0.0 0.078125 0.0 0.011919070512820512 39
400 0.1 0.0 0.0 0.078125 0.0 0.01162109375 40
410 0.1 0.0 0.0 0.078125 0.0 0.01133765243902439 41
