0 3.9 121.39666666666669 195.6140582144987 783.135 4.622 0 0
10 5.6 133.55916071428572 245.3478415019594 799.425 3.579 121.39666666666669 39
20 3.6 143.78780555555556 212.57267703068044 799.425 3.579 128.56613684210527 95
30 0 0 0 799.425 3.579 132.74919083969465 131
40 4.1 11505.492243902438 10083.61631725187 35068.521 3.579 132.74919083969465 131
50 11.8 5799.401525423726 8594.689787087862 40367.839 3.579 2843.693755813953 172
60 8 6672.222937500001 6744.538567791013 43001.295 3.579 4046.3610551724123 290
70 1.9 13636.494684210527 14447.397091062745 47463.568 2.182 4614.114975675675 370
80 18 3666.7510888888887 10802.073575790113 54809.135 0.582 5054.796760925449 389
90 33.5 2680.3568626865695 8860.951173605534 54809.135 0.518 4615.696196836555 569
100 59.1 95.58394247038918 2269.7718787342897 55228.142 0.468 3898.507394911505 904
110 84.8 2377.4001250000006 10441.060886121877 59211.583 0.468 2395.1443444816055 1495
120 68.9 1780.336454281566 10040.040904457866 59888.253 0.468 2388.7221941954763 2343
130 46.3 4372.36167170625 15519.334363733296 59978.154 0.468 2250.470949208443 3032
140 41.1 5170.384019464716 16431.614934330733 59978.154 0.468 2531.568346781114 3495
150 38.3 2178.1206370757222 11164.849302768587 59978.154 0.468 2809.2317470558096 3906
160 22.7 3775.72960352423 14144.011919750394 60000.848 0.468 2752.8746579622275 4289
170 17 11745.720658823535 22441.948903627876 60000.848 0.468 2804.2892001771465 4516
180 15 5159.701099999997 13993.02047108266 60000.848 0.468 3128.66891591976 4686
190 12.6 4962.944301587305 14695.525396296505 60000.848 0.468 3191.6661921009086 4836
200 11 32381.849445454536 25430.14806657832 90408.978 0.468 3236.6442335751703 4962
210 3.1 25862.848806451613 24456.835706396596 90408.978 0.468 3868.736617902207 5072
220 2.7 4462.232814814815 15563.549893570193 90408.978 0.468 4002.3477246717607 5103
230 1.4 7376.901714285715 14412.052736400454 90408.978 0.468 4004.7681725146185 5130
240 1.1 14324.665727272724 21467.904741982515 90408.978 0.468 4013.9458298989107 5144
250 0.6 8724.252333333332 5343.284421472111 90408.978 0.468 4035.9473660523754 5155
260 16.2 35768.49632098765 35284.185837019664 94871.025 0.468 4041.397827165277 5161
270 26.4 11945.460613636369 23987.478823451125 94871.025 0.468 5006.979257937252 5323
280 2.2 3040.9682727272725 12253.906464124975 94871.025 0.468 5334.8401990334705 5587
290 0 0 0 94871.025 0.468 5325.843019076485 5609
300 0 0 0 94871.025 0.468 5325.843019076485 5609
310 0 0 0 94871.025 0.468 5325.843019076485 5609
320 0 0 0 94871.025 0.468 5325.843019076485 5609
330 0.1 59395.68 0.0 94871.025 0.468 5325.843019076485 5609
340 1.3 59562.57907692307 344.6693230471257 94871.025 0.468 5335.481136185384 5610
350 0.4 59310.10825 212.7413896182111 94871.025 0.468 5460.850560554864 5623
360 0.3 59766.20733333333 258.2365718875262 94871.025 0.468 5499.129755642439 5627
370 0.1 59032.968 0.0 94871.025 0.468 5528.046493250445 5630
380 0.2 89706.4995 29996.731499999998 119703.231 0.468 5537.548343988635 5631
390 0.3 99805.12766666665 28156.889986332706 119867.491 0.468 5567.432580152672 5633
400 1 107561.93769999998 24126.151375732683 119939.492 0.468 5617.594589602556 5636
410 0.2 59619.4905 219.2885000000024 119939.492 0.468 5798.154885582714 5646
