10 0.1 238 0 238 238 0 0
20 0.1 428.0 0.0 428 238 238.0 1
30 0.1 141.0 0.0 428 141 333.0 2
40 0.1 66.0 0.0 428 66 269.0 3
50 0.1 311.0 0.0 428 66 218.25 4
60 0.1 829.0 0.0 829 66 236.8 5
70 0.1 351.0 0.0 829 66 335.5 6
80 0.1 144.0 0.0 829 66 337.7142857142857 7
90 0.1 514.0 0.0 829 66 313.5 8
100 0.1 861.0 0.0 861 66 335.77777777777777 9
110 0.1 1334.0 0.0 1334 66 388.3 10
120 0.1 1873.0 0.0 1873 66 474.27272727272725 11
130 0.1 1151.0 0.0 1873 66 590.8333333333334 12
140 0.1 775.0 0.0 1873 66 633.9230769230769 13
150 0.1 811.0 0.0 1873 66 644.0 14
160 0.1 656.0 0.0 1873 66 655.1333333333333 15
170 0.1 439.0 0.0 1873 66 655.1875 16
180 0.1 406.0 0.0 1873 66 642.4705882352941 17
190 0.1 378.0 0.0 1873 66 629.3333333333334 18
200 0.1 256.0 0.0 1873 66 616.1052631578947 19
210 0.1 416.0 0.0 1873 66 598.0999999999999 20
220 0.1 143.0 0.0 1873 66 589.4285714285713 21
230 0.1 54.0 0.0 1873 54 569.1363636363635 22
240 0.1 52.0 0.0 1873 52 546.7391304347824 23
250 0.1 36.0 0.0 1873 36 526.1249999999998 24
260 0.1 24.0 0.0 1873 24 506.51999999999975 25
270 0.1 631.0 0.0 1873 24 487.9615384615382 26
280 0.1 688.0 0.0 1873 24 493.25925925925907 27
290 0.1 70.0 0.0 1873 24 500.2142857142855 28
300 0.1 4.0 0.0 1873 4 485.3793103448274 29
310 0.1 3.0 0.0 1873 3 469.33333333333314 30
320 0.1 7.0 0.0 1873 3 454.290322580645 31
330 0.1 3.0 0.0 1873 3 440.31249999999983 32
340 0.1 14.0 0.0 1873 3 427.0606060606059 33
350 0.1 37.0 0.0 1873 3 414.9117647058822 34
360 0.1 11.0 0.0 1873 3 404.1142857142856 35
370 0.1 87.0 0.0 1873 3 393.19444444444434 36
380 0.1 3.0 0.0 1873 3 384.91891891891885 37
390 0.1 3.0 0.0 1873 3 374.8684210526315 38
400 0.1 7.0 0.0 1873 3 365.33333333333326 39
410 0.1 25.0 0.0 1873 3 356.3749999999999 40
