0 3.9 121.39666666666669 195.6140582144987 783.135 4.622 0 0
10 5.6 133.55916071428572 245.3478415019594 799.425 3.579 121.39666666666669 39
20 3.6 143.78780555555556 212.57267703068044 799.425 3.579 128.56613684210527 95
30 0 0 0 799.425 3.579 132.74919083969465 131
40 4.1 11505.492243902438 10083.61631725187 35068.521 3.579 132.74919083969465 131
50 11.8 5799.401525423726 8594.689787087862 40367.839 3.579 2843.693755813953 172
60 8 6672.222937500001 6744.538567791013 43001.295 3.579 4046.3610551724123 290
70 1.9 13636.494684210527 14447.397091062745 47463.568 2.182 4614.114975675675 370
80 18 3666.7510888888887 10802.073575790113 54809.135 0.582 5054.796760925449 389
90 34.2 2625.494438596494 8778.00877676529 54809.135 0.518 4615.696196836555 569
100 60.9 92.75652380952387 2236.035500944124 55228.142 0.468 3868.551299670693 911
110 91.5 2203.3127136612025 10070.58873703369 59211.583 0.468 2355.74931381579 1520
120 81.6 1503.240925245096 9248.262821257598 59888.253 0.468 2298.4682094455857 2435
130 62.4 3244.2217131410266 13504.348021595688 59978.154 0.468 2098.866405721316 3251
140 54.2 3920.701324723251 14478.943353033947 59978.154 0.468 2283.30555716129 3875
150 53.7 1553.4659087523298 9480.28413111908 59978.154 0.468 2484.2266588182024 4417
160 32.4 2814.3978456790123 12308.118368168665 60000.848 0.468 2383.3347486879293 4954
170 21.8 10280.039275229361 21226.711389903005 60000.848 0.468 2409.79637116332 5278
180 22 5700.47628636364 14656.910903245602 60000.848 0.468 2721.9712170669586 5496
190 19.9 4717.583115577887 14164.244662994357 60000.848 0.468 2836.6092708187552 5716
200 16 24193.26573749998 16109.21949559572 60000.848 0.468 2899.8914001690628 5915
210 3.9 7328.673076923073 6457.2705886022495 60000.848 0.468 3460.7045514403294 6075
220 3.8 3170.5116578947363 13274.112204029416 60000.848 0.468 3485.3775596990517 6114
230 2.4 4303.14 11473.708716248822 60000.848 0.468 3483.432679291288 6152
240 1.6 9848.17125 18881.184344142373 60000.848 0.468 3486.618070433938 6176
250 1.1 5446.521454545455 4075.3561787891817 60000.848 0.468 3503.0561923449613 6192
260 22.9 21681.507602620102 27669.796250559906 60000.848 0.468 3506.5026082540708 6203
270 39.6 7802.359356060616 19871.777921572702 60000.848 0.468 4153.591560945274 6432
280 3.4 1967.6497352941176 9962.51583978829 60000.848 0.468 4365.207267867605 6828
290 0 0 0 60000.848 0.468 4353.327793063248 6862
300 0 0 0 60000.848 0.468 4353.327793063248 6862
310 0 0 0 60000.848 0.468 4353.327793063248 6862
320 0.1 59703.919 0.0 60000.848 0.468 4353.327793063248 6862
330 0.2 59631.493 235.8130000000001 60000.848 0.468 4361.392865365001 6863
340 2.2 59585.10981818181 300.49754278145923 60000.848 0.468 4377.494861034233 6865
350 0.4 59310.10825 212.7413896182111 60000.848 0.468 4553.851406563092 6887
360 0.3 59766.20733333333 258.2365718875262 60000.848 0.468 4585.635621825571 6891
370 0.1 59032.968 0.0 60000.848 0.468 4609.648055120397 6894
380 0.2 59854.4765 144.70850000000064 60000.848 0.468 4617.541212472808 6895
390 0.3 59995.19266666666 6.739455434645635 60000.848 0.468 4633.558882557636 6897
400 1.3 59819.83746153846 275.8847575432743 60000.848 0.468 4657.629158115945 6900
410 0.5 59515.62320000001 203.80582994743142 60000.848 0.468 4761.362516707654 6913
