10 0.1 207 0 207 207 0 0
20 0.1 531.0 0.0 531 207 207.0 1
30 0.1 111.0 0.0 531 111 369.0 2
40 0.1 88.0 0.0 531 88 283.0 3
50 0.1 269.0 0.0 531 88 234.25 4
60 0.1 624.0 0.0 624 88 241.2 5
70 0.1 328.0 0.0 624 88 305.0 6
80 0.1 170.0 0.0 624 88 308.2857142857143 7
90 0.1 636.0 0.0 636 88 291.0 8
100 0.1 1118.0 0.0 1118 88 329.3333333333333 9
110 0.1 1.9e3 0.0 1900 88 408.2 10
120 0.1 2606.0 0.0 2606 88 543.8181818181819 11
130 0.1 1869.0 0.0 2606 88 715.6666666666666 12
140 0.1 1345.0 0.0 2606 88 804.3846153846154 13
150 0.1 1243.0 0.0 2606 88 843.0 14
160 0.1 1181.0 0.0 2606 88 869.6666666666666 15
170 0.1 688.0 0.0 2606 88 889.125 16
180 0.1 507.0 0.0 2606 88 877.2941176470588 17
190 0.1 532.0 0.0 2606 88 856.7222222222222 18
200 0.1 426.0 0.0 2606 88 839.6315789473684 19
210 0.1 360.0 0.0 2606 88 818.95 20
220 0.1 259.0 0.0 2606 88 797.0952380952381 21
230 0.1 79.0 0.0 2606 79 772.6363636363636 22
240 0.1 51.0 0.0 2606 51 742.4782608695652 23
250 0.1 38.0 0.0 2606 38 713.6666666666666 24
260 0.1 25.0 0.0 2606 25 686.64 25
270 0.1 640.0 0.0 2606 25 661.1923076923077 26
280 0.1 889.0 0.0 2606 25 660.4074074074074 27
290 0.1 74.0 0.0 2606 25 668.5714285714286 28
300 0.1 5.0 0.0 2606 5 648.0689655172414 29
310 0.1 3.0 0.0 2606 3 626.6333333333333 30
320 0.1 7.0 0.0 2606 3 606.516129032258 31
330 0.1 3.0 0.0 2606 3 587.78125 32
340 0.1 15.0 0.0 2606 3 570.060606060606 33
350 0.1 40.0 0.0 2606 3 553.7352941176471 34
360 0.1 12.0 0.0 2606 3 539.0571428571428 35
370 0.1 194.0 0.0 2606 3 524.4166666666666 36
380 0.1 3.0 0.0 2606 3 515.4864864864865 37
390 0.1 3.0 0.0 2606 3 502.0 38
400 0.1 7.0 0.0 2606 3 489.20512820512823 39
410 0.1 26.0 0.0 2606 3 477.15 40
