100 0.5 37065.5262 31759.736781672775 99561.953 15231.98 0 0
110 1.6 51275.1350625 27319.64740784622 113261.811 15231.98 37065.5262 5
120 2.9 40755.683448275864 26584.92717508778 116578.497 14523.634 47891.894857142855 21
130 5.2 50429.593923076936 32474.908414128124 132222.905 13183.818 43752.89224 50
140 3.4 50783.1250882353 31070.898779374693 141259.11 13183.818 47156.70094117648 102
150 4.8 69606.13177083335 37683.73876670301 153862.128 13183.818 48063.30697794119 136
160 3.9 83973.60941025642 33167.89569972926 154680.053 13183.818 53683.17431521741 184
170 1.2 89200.22674999999 28424.29098193092 154680.053 13183.818 58980.60466816145 223
180 1.4 98307.80757142858 28444.506051729335 170283.277 13183.818 60523.73430638299 235
190 2 102685.70445 25492.00669515344 170283.277 13183.818 62648.140032128525 249
200 1.7 116237.67752941175 33913.05557529535 186983.466 13183.818 65624.91062081786 269
210 0.4 117116.66575 6707.648589511435 186983.466 13183.818 68633.3618006993 286
220 0.4 140114.2825 19181.19573083498 186983.466 13183.818 69302.0970275862 290
230 0 0 0 186983.466 13183.818 70265.52812244897 294
240 0.3 155550.63133333332 22773.774980273916 186987.976 13183.818 70265.52812244897 294
250 0 0 0 186987.976 13183.818 71126.99381144781 297
260 2.9 182091.12203448272 29634.675838878702 234364.535 13183.818 71126.99381144781 297
270 7.7 192129.65884415593 26666.61346607097 269856.19 13183.818 80998.03589263803 326
280 0.3 215023.02333333335 26669.831850666436 269856.19 13183.818 102231.62141935485 403
290 0 0 0 269856.19 13183.818 103065.05542364533 406
300 0 0 0 269856.19 13183.818 103065.05542364533 406
310 0 0 0 269856.19 13183.818 103065.05542364533 406
320 0 0 0 269856.19 13183.818 103065.05542364533 406
330 0.1 222523.759 0.0 269856.19 13183.818 103065.05542364533 406
340 0.5 267868.16260000004 25036.24084260161 300319.446 13183.818 103358.56575184278 407
350 0 0 0 300319.446 13183.818 105355.0414417476 412
360 0 0 0 300319.446 13183.818 105355.0414417476 412
370 0 0 0 300319.446 13183.818 105355.0414417476 412
380 0 0 0 300319.446 13183.818 105355.0414417476 412
390 0 0 0 300319.446 13183.818 105355.0414417476 412
400 0 0 0 300319.446 13183.818 105355.0414417476 412
410 0 0 0 300319.446 13183.818 105355.0414417476 412
