0 140.13828125 140.13828125
10 178.10078125 318.2390625
20 112.13515625 430.37421875
30 0 430.37421875
40 161.6796875 592.05390625
50 439.0984375 1031.15234375
60 241.64375 1272.79609375
70 27.89296875 1300.6890625
80 115.1125 1415.8015625
90 169.44375 1585.2453125
100 136.85546875 1722.10078125
110 346.39921875 2068.5
120 194.84921875 2263.34921875
130 155.1515625 2418.50078125
140 187.13125 2605.63203125
150 127.18125 2732.81328125
160 116.5734375 2849.38671875
170 102.14375 2951.53046875
180 83.8453125 3035.37578125
190 64.02890625 3099.4046875
200 139.96171875 3239.36640625
210 35.128125 3274.49453125
220 8.9484375 3283.44296875
230 5.70078125 3289.14375
240 3.5515625 3292.6953125
250 2.6984375 3295.39375
260 40.45703125 3335.85078125
270 87.62109375 3423.471875
280 8.15390625 3431.62578125
290 0 3431.62578125
300 0 3431.62578125
310 0 3431.62578125
320 0.05859375 3431.684375
330 0.1171875 3431.8015625
340 1.2890625 3433.090625
350 0.234375 3433.325
360 0.17578125 3433.50078125
370 0.05859375 3433.559375
380 0.1171875 3433.6765625
390 0.17578125 3433.85234375
400 0.76171875 3434.6140625
410 0.29296875 3434.90703125
