0 18.67734375 18.67734375
10 43.89921875 62.5765625
20 33.49453125 96.07109375
30 2.43046875 98.5015625
40 22.22734375 120.72890625
50 69.50546875 190.234375
60 72.15078125 262.38515625
70 21.50390625 283.8890625
80 58.01875 341.9078125
90 120.52734375 462.43515625
100 194.02890625 656.4640625
110 327.78125 984.2453125
120 308.378125 1292.6234375
130 237.43828125 1530.06171875
140 230.97734375 1761.0390625
150 238.9671875 2000.00625
160 145.33203125 2145.33828125
170 109.1625 2254.50078125
180 98.83984375 2353.340625
190 79.60390625 2432.94453125
200 61.41640625 2494.3609375
210 32.403125 2526.7640625
220 15.925 2542.6890625
230 13.86015625 2556.54921875
240 10.3640625 2566.91328125
250 5.53359375 2572.446875
260 71.2984375 2643.7453125
270 170.10703125 2813.85234375
280 29.23359375 2843.0859375
290 3.00703125 2846.09296875
300 1.853125 2847.94609375
310 0.578125 2848.52421875
320 1.13984375 2849.6640625
330 0.8515625 2850.515625
340 7.38984375 2857.90546875
350 3.42890625 2861.334375
360 3.32734375 2864.66171875
370 1.359375 2866.02109375
380 1.35859375 2867.3796875
390 0.9296875 2868.309375
400 7.26171875 2875.57109375
410 2.86953125 2878.440625
