0 2.3 33.869173913043475 69.24956869974129 341.9 1.18 0 0
10 5.1 19.78084313725491 46.41105698521847 341.9 0.655 33.869173913043475 23
20 6.1 20.0777868852459 39.28350539353333 341.9 0.634 24.159648648648652 74
30 8.1 11.512135802469137 10.447443219327106 341.9 0.634 22.315251851851855 135
40 12.5 16.940288000000013 41.04091180835359 341.9 0.634 18.264083333333335 216
50 13.2 268.1374545454547 2868.7544151557104 33102.152 0.625 17.778821114369507 341
60 16.2 16.37154938271605 13.028954833371342 33102.152 0.544 87.64634672304445 473
70 27.2 140.97311397058823 2019.9019080738299 33389.964 0.536 69.46285511811027 635
80 27.9 377.21222939068076 3437.745254984646 33492.936 0.536 90.90804851157665 907
90 44.3 15.85394130925509 14.084120687518036 33492.936 0.536 158.25953794266437 1186
100 60.9 16.887090311986867 19.026805790287938 33492.936 0.522 119.5329085328422 1629
110 76.6 64.71461618798959 1241.6000479005722 34398.403 0.495 91.60113762287756 2238
120 81.4 105.19960933660936 1710.539207360184 34791.894 0.495 84.7452536617843 3004
130 49.3 94.8386572008114 1601.7145696162859 35620.572 0.495 89.10613514929284 3818
140 39.5 204.43071645569614 2496.5088815357763 35620.572 0.495 89.76169844583626 4311
150 32.2 135.47732919254634 2009.7648986074526 36142.326 0.495 99.38648852528688 4706
160 20.5 201.60863902439021 2517.5054107586475 36157.957 0.495 101.69779534606204 5028
170 11.8 642.6328559322034 4707.8151811066045 36501.776 0.495 105.61174966558377 5233
180 6.6 26.06169696969697 16.56462978665019 36501.776 0.495 117.45411381050269 5351
190 4 1852.0789500000005 7964.041381265507 36594.934 0.495 116.3406008860993 5417
200 1.4 5235.575714285716 12743.998957359328 36594.934 0.495 129.06362341946124 5457
210 1.2 22.701499999999996 13.853012022059799 36594.934 0.495 142.13091811369037 5471
220 0.1 38.505 0.0 36594.934 0.495 141.8695369323363 5483
223 0.2 26.1205 19.8445 36594.934 0.495 141.85068854850473 5484
