30 0.3 29236.478333333333 2593.290252823277 32853.452 26902.77 0 0
40 0.5 30277.2882 8183.152757185716 42468.707 16672.388 29236.478333333333 3
50 0.4 36982.2045 8554.132815720757 49662.979 16672.388 29886.9845 8
60 0.4 40357.54125000001 9907.870691683263 50482.599 16672.388 32252.057833333336 12
70 0.9 32664.66811111111 16207.387024571655 70349.048 16411.222 34278.4286875 16
80 1.6 39507.232875 13922.41752635924 83478.401 16411.222 33697.47488 25
90 1.8 39744.041500000014 16894.172722179053 83478.401 16411.222 35964.697512195125 41
100 2.4 40114.848958333336 19468.084307916743 91508.997 14281.109 37117.71771186442 59
110 2.9 40918.61775862068 16205.266443782291 97175.525 14281.109 37984.358072289164 83
120 3.5 36991.73045714286 13574.470298886696 97175.525 13731.263 38744.12174107144 112
130 5.2 35598.36613461538 11597.75729587166 97175.525 13731.263 38326.885721088445 147
140 5.2 38249.718576923064 10442.754831762977 97175.525 13731.263 37613.90572864322 199
150 6.4 45745.71190624999 15270.63835309129 116845.014 13731.263 37745.6279123506 251
160 4.7 49331.444638297886 9509.834724412764 116845.014 13731.263 39371.0418031746 315
170 2.4 63951.07816666668 15383.722731647062 117363.331 13731.263 40664.24327624309 362
180 1.7 72432.58611764705 19384.036799936905 147304.59 13731.263 42112.12938341969 386
190 1.1 84335.54981818184 14447.890832128449 147304.59 13731.263 43391.15609429281 403
200 0.2 77218.4675 1434.786500000002 147304.59 13731.263 44479.05061352658 414
210 0.5 105064.9246 8271.450281542617 147304.59 13731.263 44636.45165625001 416
220 0 0 0 147304.59 13731.263 45354.12948218528 421
223 0.1 224414.401 0.0 224414.401 13731.263 45354.12948218528 421
