0 41.81875 41.81875
10 85.51640625 127.33515625
20 59.7953125 187.13046875
30 100.4171875 287.54765625
40 131.64609375 419.19375
50 83.64296875 502.83671875
60 103.10234375 605.9390625
70 177.375 783.3140625
80 277.46953125 1060.78359375
90 433.17421875 1493.9578125
100 508.97265625 2002.93046875
110 385.90078125 2388.83125
120 581.22265625 2970.05390625
130 273.99765625 3244.0515625
140 177.940625 3421.9921875
150 226.8890625 3648.88125
160 125.3984375 3774.2796875
170 70.28203125 3844.56171875
180 48.61171875 3893.1734375
190 36.3234375 3929.496875
200 15.31953125 3944.81640625
210 12.10703125 3956.9234375
220 0.43515625 3957.35859375
223 1.96640625 3959.325
