0 1.2 2.0239999999999996 2.0100103233565747 8.662 1.193 0 0
10 0.6 1.4186666666666667 0.14824266892122828 8.662 1.193 2.0239999999999996 12
20 1.2 2.007416666666667 1.3024209162385085 8.662 1.063 1.822222222222222 18
30 2.2 1.1984090909090905 0.20751531358408418 8.662 0.793 1.8962999999999999 30
40 2.2 1.2557727272727275 0.26508059354539737 8.662 0.793 1.6010384615384614 52
50 1.6 1.1911874999999998 0.15213736340475345 8.662 0.793 1.498391891891892 74
60 3.6 1.4194999999999998 0.9651590974203855 8.662 0.793 1.4437777777777778 90
70 5.6 1.4697857142857147 1.842197210188011 14.126 0.77 1.4368412698412696 126
80 6.7 1.3976119402985074 0.5858982886419355 14.126 0.77 1.4469780219780222 182
90 9.5 1.2838526315789467 0.748794876956455 14.126 0.77 1.4336947791164658 249
100 12.4 1.107395161290323 0.35947425361052626 14.126 0.77 1.392313953488372 344
110 14.3 8.426230769230768 85.76609704474957 1030.404 0.77 1.3168226495726496 468
120 7.2 1.2520416666666663 0.8494422588037792 1030.404 0.77 2.980726677577741 611
130 2.2 1.6649545454545456 1.6586951190420391 1030.404 0.77 2.7984934114202042 683
140 0 0 0 1030.404 0.77 2.7631205673758856 705
150 0 0 0 1030.404 0.77 2.7631205673758856 705
160 0 0 0 1030.404 0.77 2.7631205673758856 705
170 0.1 1.441 0.0 1030.404 0.77 2.7631205673758856 705
180 0 0 0 1030.404 0.77 2.7612478753541065 706
190 0.1 22.615 0.0 1030.404 0.77 2.7612478753541065 706
200 0 0 0 1030.404 0.77 2.78932956152758 707
210 0 0 0 1030.404 0.77 2.78932956152758 707
220 0 0 0 1030.404 0.77 2.78932956152758 707
230 0.2 1.2285 0.007499999999999896 1030.404 0.77 2.78932956152758 707
240 0 0 0 1030.404 0.77 2.7849266572637505 709
250 0.1 1.592 0.0 1030.404 0.77 2.7849266572637505 709
260 0 0 0 1030.404 0.77 2.7832464788732385 710
