0 0.1 1.0899378114498075 0 1.0899378114498075 1.0899378114498075 0 0
10 0.1 0.4008016032064128 0.0 1.0899378114498075 0.4008016032064128 1.0899378114498075 1
20 0.1 0.5 0.0 1.0899378114498075 0.4008016032064128 0.7453697073281101 2
30 0.1 16.683119447186577 0.0 16.683119447186577 0.4008016032064128 0.6635798048854068 3
40 0.1 0.6006006006006006 0.0 16.683119447186577 0.4008016032064128 4.6684647154607 4
50 0.1 0.2008032128514056 0.0 16.683119447186577 0.2008032128514056 3.8548918924886797 5
60 0.1 0.30120481927710846 0.0 16.683119447186577 0.2008032128514056 3.245877112549134 6
70 0.1 1.2024048096192386 0.0 16.683119447186577 0.2008032128514056 2.8252096420817017 7
80 0.1 0.6048387096774194 0.0 16.683119447186577 0.2008032128514056 2.6223590380238937 8
90 0.1 1.4084507042253522 0.0 16.683119447186577 0.2008032128514056 2.3981901126520633 9
100 0.1 3.7298387096774195 0.0 16.683119447186577 0.2008032128514056 2.299216171809392 10
110 0.1 1.8292682926829267 0.0 16.683119447186577 0.2008032128514056 2.4292727661610307 11
120 0.1 3.340080971659919 0.0 16.683119447186577 0.2008032128514056 2.379272393371189 12
130 0.1 2.716297786720322 0.0 16.683119447186577 0.2008032128514056 2.453180745547245 13
140 0.1 0.7063572149344097 0.0 16.683119447186577 0.2008032128514056 2.4719748199167504 14
150 0.1 1.2060301507537687 0.0 16.683119447186577 0.2008032128514056 2.3542669795845943 15
160 0.1 0.6042296072507553 0.0 16.683119447186577 0.2008032128514056 2.2825021777826677 16
170 0.1 0.9027081243731194 0.0 16.683119447186577 0.2008032128514056 2.183780261869026 17
180 0.1 0.4020100502512563 0.0 16.683119447186577 0.2008032128514056 2.112609587563698 18
190 0.1 0.6006006006006006 0.0 16.683119447186577 0.2008032128514056 2.022578032968306 19
200 0.1 0.2008032128514056 0.0 16.683119447186577 0.2008032128514056 1.951479161349921 20
210 0.1 0.2004008016032064 0.0 16.683119447186577 0.2004008016032064 1.8681136399928486 21
220 0.1 0.1002004008016032 0.0 16.683119447186577 0.1002004008016032 1.7923085109751378 22
230 0.1 0.3 0.0 16.683119447186577 0.1002004008016032 1.718738593141506 23
240 0.1 0.20060180541624875 0.0 16.683119447186577 0.1002004008016032 1.659624485093943 24
250 0.1 0.3003003003003003 0.0 16.683119447186577 0.1002004008016032 1.6012635779068354 25
260 0.1 0.2997002997002997 0.0 16.683119447186577 0.1002004008016032 1.5512265287681224 26
