0 0.1 3517.43359375 0 3517.43359375 3517.43359375 0 0
10 0.1 3516.6875 0.0 3517.43359375 3516.6875 3517.43359375 1
20 0.1 3514.515625 0.0 3517.43359375 3514.515625 3517.060546875 2
30 0.1 3504.41796875 0.0 3517.43359375 3504.41796875 3516.2122395833335 3
40 0.1 3501.42578125 0.0 3517.43359375 3501.42578125 3513.263671875 4
50 0.1 3499.86328125 0.0 3517.43359375 3499.86328125 3510.89609375 5
60 0.1 3494.91015625 0.0 3517.43359375 3494.91015625 3509.0572916666665 6
70 0.1 3491.0546875 0.0 3517.43359375 3491.0546875 3507.0362723214284 7
80 0.1 3483.65625 0.0 3517.43359375 3483.65625 3505.03857421875 8
90 0.1 3467.44921875 0.0 3517.43359375 3467.44921875 3502.6627604166665 9
100 0.1 3460.4765625 0.0 3517.43359375 3460.4765625 3499.14140625 10
110 0.1 3448.015625 0.0 3517.43359375 3448.015625 3495.6264204545455 11
120 0.1 3440.5625 0.0 3517.43359375 3440.5625 3491.6588541666665 12
130 0.1 3438.953125 0.0 3517.43359375 3438.953125 3487.7283653846152 13
140 0.1 3438.87109375 0.0 3517.43359375 3438.87109375 3484.2444196428573 14
150 0.1 3438.8828125 0.0 3517.43359375 3438.87109375 3481.21953125 15
160 0.1 3438.76953125 0.0 3517.43359375 3438.76953125 3478.573486328125 16
170 0.1 3438.65625 0.0 3517.43359375 3438.65625 3476.2320772058824 17
180 0.1 3438.54296875 0.0 3517.43359375 3438.54296875 3474.14453125 18
190 0.1 3438.4609375 0.0 3517.43359375 3438.4609375 3472.2707648026317 19
200 0.1 3445.33984375 0.0 3517.43359375 3438.4609375 3470.5802734375 20
210 0.1 3445.2578125 0.0 3517.43359375 3438.4609375 3469.378348214286 21
220 0.1 3448.5234375 0.0 3517.43359375 3438.4609375 3468.2819602272725 22
230 0.1 3448.52734375 0.0 3517.43359375 3438.4609375 3467.422894021739 23
240 0.1 3448.5625 0.0 3517.43359375 3438.4609375 3466.6355794270835 24
250 0.1 3448.6328125 0.0 3517.43359375 3438.4609375 3465.91265625 25
260 0.1 3448.67578125 0.0 3517.43359375 3438.4609375 3465.248046875 26
