0 0.1 0.0 0 0.0 0.0 0 0
10 0.1 0.0 0.0 0.0 0.0 0.0 1
20 0.1 0.0 0.0 0.0 0.0 0.0 2
30 0.1 0.0703125 0.0 0.0703125 0.0 0.0 3
40 0.1 0.05859375 0.0 0.0703125 0.0 0.017578125 4
50 0.1 0.05078125 0.0 0.0703125 0.0 0.02578125 5
60 0.1 0.0390625 0.0 0.0703125 0.0 0.029947916666666668 6
70 0.1 0.0390625 0.0 0.0703125 0.0 0.03125 7
80 0.1 0.03125 0.0 0.0703125 0.0 0.0322265625 8
90 0.1 0.01953125 0.0 0.0703125 0.0 0.03211805555555555 9
100 0.1 0.01953125 0.0 0.0703125 0.0 0.030859375 10
110 0.1 0.01953125 0.0 0.0703125 0.0 0.029829545454545456 11
120 0.1 0.01171875 0.0 0.0703125 0.0 0.028971354166666668 12
130 0.1 0.08984375 0.0 0.08984375 0.0 0.027644230769230768 13
140 0.1 0.078125 0.0 0.08984375 0.0 0.03208705357142857 14
150 0.1 0.05859375 0.0 0.08984375 0.0 0.03515625 15
160 0.1 0.05078125 0.0 0.08984375 0.0 0.03662109375 16
170 0.1 0.05078125 0.0 0.08984375 0.0 0.03745404411764706 17
180 0.1 0.0390625 0.0 0.08984375 0.0 0.03819444444444445 18
190 0.1 0.03125 0.0 0.08984375 0.0 0.038240131578947366 19
200 0.1 0.03125 0.0 0.08984375 0.0 0.037890625 20
210 0.1 0.01953125 0.0 0.08984375 0.0 0.03757440476190476 21
220 0.1 0.01953125 0.0 0.08984375 0.0 0.03675426136363636 22
230 0.1 0.01953125 0.0 0.08984375 0.0 0.03600543478260869 23
240 0.1 0.01171875 0.0 0.08984375 0.0 0.035319010416666664 24
250 0.1 0.01171875 0.0 0.08984375 0.0 0.034375 25
260 0.1 0.01171875 0.0 0.08984375 0.0 0.033503605769230775 26
