0 3 331.96856666666673 352.81125232392867 1038.265 6.777 0 0
10 4.6 79.81495652173913 112.0767013477739 1038.265 3.407 331.96856666666673 30
20 6.4 66.637890625 109.24921173401509 1038.265 3.376 179.3492763157895 76
30 6.6 46.48980303030303 96.31915820494739 1038.265 3.29 127.82407142857144 140
40 12.4 884.1198064516127 5219.747536696904 34182.931 3.29 101.76551941747574 206
50 10.2 3364.646205882353 9940.500361862003 38275.805 0.789 395.7410696969696 330
60 14.1 2483.3609432624107 8673.551685579361 40992.488 0.568 1096.732560185185 432
70 24.6 2309.618235772358 8375.47013636083 43457.869 0.517 1437.944780104712 573
80 31.5 1819.234358730159 5526.220510747507 48179.524 0.517 1699.7661111111108 819
90 38.5 2685.0756363636383 9466.950118129738 52833.673 0.517 1732.9517354497355 1134
100 60.8 2004.272707236843 8194.845653242413 59216.978 0.517 1974.2734614878214 1519
110 78 1763.3763423076916 7391.7217107914785 59472.641 0.49 1982.8487042783267 2127
120 63.1 2599.4446386687773 9406.047759352117 59984.964 0.483 1923.9603512211904 2907
130 48.8 3054.353506147546 10891.706840124185 59984.964 0.483 2044.4325347654037 3538
140 36.7 2565.1426893732987 9258.128886634457 59984.964 0.483 2166.847197963239 4026
150 29 4532.7081586206905 13004.913846522313 59984.964 0.483 2200.1215993626224 4393
160 24 4556.408116666667 12283.315707849319 59992.595 0.483 2344.569624599616 4683
170 20 4566.79492 12793.043885621146 59992.595 0.483 2452.3984359130613 4923
180 14.9 7206.200228187918 16966.166542329865 59992.595 0.483 2534.9436822174507 5123
190 8.5 9616.056435294113 19363.252979040015 59992.595 0.483 2666.965158952959 5272
200 5.8 11309.337465517236 20770.856161144766 59992.595 0.483 2777.227014187045 5357
210 4.1 8455.296951219512 16972.489098602076 59992.595 0.483 2868.614346814404 5415
220 3.1 17119.577741935485 25118.13024407343 59992.595 0.483 2910.5963825146628 5456
230 5.7 10657.725473684202 21274.54955660936 59992.595 0.483 2990.873113358848 5487
240 4.8 11763.51625 23001.083302177787 59992.595 0.483 3069.6989763708516 5544
250 2.2 19338.774227272723 27522.754657437443 59992.595 0.483 3144.324017346209 5592
260 1.1 16315.483999999999 26622.311937696904 59998.984 0.483 3207.7864157463487 5614
