10 0.1 205 0 205 205 0 0
20 0.1 229.0 0.0 229 205 205.0 1
30 0.1 290.0 0.0 290 205 217.0 2
40 0.1 443.0 0.0 443 205 241.33333333333334 3
50 0.1 608.0 0.0 608 205 291.75 4
60 0.1 432.0 0.0 608 205 355.0 5
70 0.1 891.0 0.0 891 205 367.8333333333333 6
80 0.1 1120.0 0.0 1120 205 442.57142857142856 7
90 0.1 1435.0 0.0 1435 205 527.25 8
100 0.1 1989.0 0.0 1989 205 628.1111111111111 9
110 0.1 2708.0 0.0 2708 205 764.2 10
120 0.1 3172.0 0.0 3172 205 940.9090909090909 11
130 0.1 1924.0 0.0 3172 205 1126.8333333333333 12
140 0.1 1354.0 0.0 3172 205 1188.1538461538462 13
150 0.1 1058.0 0.0 3172 205 1.2e3 14
160 0.1 908.0 0.0 3172 205 1190.5333333333333 15
170 0.1 802.0 0.0 3172 205 1172.875 16
180 0.1 659.0 0.0 3172 205 1151.0588235294117 17
190 0.1 478.0 0.0 3172 205 1123.7222222222222 18
200 0.1 276.0 0.0 3172 205 1089.7368421052631 19
210 0.1 181.0 0.0 3172 181 1049.05 20
220 0.1 168.0 0.0 3172 168 1007.7142857142857 21
230 0.1 102.0 0.0 3172 102 969.5454545454545 22
240 0.1 222.0 0.0 3172 102 931.8260869565217 23
250 0.1 133.0 0.0 3172 102 902.25 24
260 0.1 58.0 0.0 3172 58 871.48 25
