0 3 331.96856666666673 352.81125232392867 1038.265 6.777 0 0
10 4.6 79.81495652173913 112.0767013477739 1038.265 3.407 331.96856666666673 30
20 6.4 66.637890625 109.24921173401509 1038.265 3.376 179.3492763157895 76
30 6.6 46.48980303030303 96.31915820494739 1038.265 3.29 127.82407142857144 140
40 12.4 884.1198064516127 5219.747536696904 34182.931 3.29 101.76551941747574 206
50 10.2 3364.646205882353 9940.500361862003 38275.805 0.789 395.7410696969696 330
60 14.1 2483.3609432624107 8673.551685579361 40992.488 0.568 1096.732560185185 432
70 25.2 2254.625904761906 8282.649757440047 43457.869 0.517 1437.944780104712 573
80 32 1790.8212875000008 5487.5129949906905 48179.524 0.517 1687.4037418181822 825
90 40.1 2577.942000000003 9291.029455900754 52833.673 0.517 1716.3064620087341 1145
100 65.7 1854.784672754946 7900.893938101325 59216.978 0.517 1939.7966630012947 1546
110 86.7 1586.4494532871972 7031.0229323557705 59472.641 0.49 1914.4435637766687 2203
120 75.2 2181.1946316489334 8668.861495162288 59984.964 0.483 1821.8146081433229 3070
130 65 2293.132652307691 9529.284711014132 59984.964 0.483 1892.5246493982206 3822
140 54.3 1733.6787127071848 7705.227142578914 59984.964 0.483 1950.752556797853 4472
150 43.5 3021.928565517242 10831.127319815845 59984.964 0.483 1927.2488484546361 5015
160 37.4 2923.9183716577554 10079.07117539552 59992.595 0.483 2014.6223671559635 5450
170 29.9 3054.5232474916425 10681.089851656034 59992.595 0.483 2073.0146586538463 5824
180 21.7 4947.817410138252 14450.528617752972 59992.595 0.483 2120.943952800915 6123
190 13.2 6192.203227272729 16205.861158290061 59992.595 0.483 2217.6997162460575 6340
200 8.2 7999.043682926828 18210.669998487312 59992.595 0.483 2298.7619015760206 6472
210 6 5777.67505 14570.668599563693 59992.595 0.483 2370.0806544095217 6554
220 4.6 11537.139804347826 22126.535756760546 59992.595 0.483 2400.9932131841556 6614
230 9.4 6462.589893617024 17365.486190075688 59992.595 0.483 2464.095727177178 6660
240 6.8 8303.394926470584 20054.349442671166 59992.595 0.483 2519.745483121115 6754
250 3.1 13724.122161290323 24791.917749074513 59992.595 0.483 2577.3954629141026 6822
260 1.7 10557.052352941175 22790.211983390862 59998.984 0.483 2627.818420399826 6853
