10 0.1 164 0 164 164 0 0
20 0.1 189.0 0.0 189 164 164.0 1
30 0.1 226.0 0.0 226 164 176.5 2
40 0.1 389.0 0.0 389 164 193.0 3
50 0.1 551.0 0.0 551 164 242.0 4
60 0.1 391.0 0.0 551 164 303.8 5
70 0.1 794.0 0.0 794 164 318.3333333333333 6
80 0.1 1036.0 0.0 1036 164 386.2857142857143 7
90 0.1 1253.0 0.0 1253 164 467.5 8
100 0.1 1998.0 0.0 1998 164 554.7777777777778 9
110 0.1 2520.0 0.0 2520 164 699.1 10
120 0.1 3108.0 0.0 3108 164 864.6363636363636 11
130 0.1 1939.0 0.0 3108 164 1051.5833333333333 12
140 0.1 1541.0 0.0 3108 164 1119.8461538461538 13
150 0.1 1155.0 0.0 3108 164 1149.9285714285713 14
160 0.1 955.0 0.0 3108 164 1150.2666666666667 15
170 0.1 751.0 0.0 3108 164 1138.0625 16
180 0.1 633.0 0.0 3108 164 1115.2941176470588 17
190 0.1 451.0 0.0 3108 164 1088.5 18
200 0.1 252.0 0.0 3108 164 1054.9473684210527 19
210 0.1 154.0 0.0 3108 154 1014.8 20
220 0.1 143.0 0.0 3108 143 973.8095238095239 21
230 0.1 91.0 0.0 3108 91 936.0454545454545 22
240 0.1 209.0 0.0 3108 91 899.304347826087 23
250 0.1 133.0 0.0 3108 91 870.5416666666666 24
260 0.1 63.0 0.0 3108 63 841.04 25
