80 0.2 31251.687 3632.041000000001 34883.728 27619.646 0 0
90 0.3 34057.79033333333 7914.422318028117 44329.18 25070.987 31251.687 2
100 1.2 42158.69341666667 21921.246451393265 99868.704 20387.464 32935.349 5
110 2.1 40568.928666666674 10360.80769132132 99868.704 20387.464 39445.94505882353 17
120 3.4 40127.95370588236 16753.492342737296 108434.134 17985.835 40066.541263157895 38
130 4.8 50364.669062500005 24685.37942958322 131355.673 17985.835 40095.54158333334 72
140 5.7 48389.13978947369 18938.356498942252 131355.673 17985.835 44203.19257500001 120
150 4.3 63903.25727906976 26668.23479086149 152044.638 17985.835 45551.20947457628 177
160 4.3 76986.61965116281 34574.0819485158 164171.098 17985.835 49138.20063636364 220
170 4.2 95413.95623809523 34807.020675286774 164171.098 17985.835 53691.36420152092 263
180 3.6 108228.19036111108 36162.120396453975 183292.032 17985.835 59436.77031803279 305
190 1.6 121065.020125 39970.54964400283 187858.343 17985.835 64587.770674486805 341
200 1.3 136713.83138461536 30978.06550073091 187858.343 17985.835 67118.96392717087 357
210 1.1 145247.20245454548 34156.01445752201 203766.646 17985.835 69564.189 370
220 0.6 133191.493 27937.820326605786 203766.646 17985.835 71749.2628792651 381
230 0.5 188282.6422 32347.418175704992 228076.581 17985.835 72701.85559431525 387
240 1.5 157864.90360000002 29730.37704458696 228076.581 17985.835 74176.10032142856 392
250 0.5 173615.5206 32614.189617457214 229329.329 17985.835 77260.45425061425 407
260 0.2 176843.331 14551.086000000003 229329.329 17985.835 78429.81185194175 412
