0 15.03359375 15.03359375
10 33.54296875 48.5765625
20 48.0140625 96.590625
30 37.31484375 133.90546875
40 89.20234375 223.1078125
50 72.5296875 295.6375
60 87.9875 383.625
70 154.2109375 537.8359375
80 182.78671875 720.62265625
90 230.8234375 951.44609375
100 368.53046875 1319.9765625
110 503.46875 1823.4453125
120 468.31640625 2291.76171875
130 406.740625 2698.50234375
140 342.1109375 3040.61328125
150 283.46171875 3324.075
160 240.80546875 3564.88046875
170 193.8984375 3758.77890625
180 131.02421875 3889.803125
190 89.0171875 3978.8203125
200 50.03671875 4028.85703125
210 42.20390625 4071.0609375
220 30.11796875 4101.17890625
230 61.4796875 4162.65859375
240 41.46640625 4204.125
250 22.17734375 4226.30234375
260 10.80703125 4237.109375
