0 116.82265625 116.82265625
10 151.0609375 267.88359375
20 205.8671875 473.75078125
30 250.5625 724.31328125
40 408.88203125 1133.1953125
50 328.98125 1462.1765625
60 466.66171875 1928.83828125
70 751.3734375 2680.21171875
80 879.45078125 3559.6625
90 1031.6296875 4591.2921875
100 1671.2078125 6262.5
110 1856.08828125 8118.58828125
120 1034.6859375 9153.27421875
130 724.359375 9877.63359375
140 566.31171875 10443.9453125
150 437.41328125 10881.35859375
160 367.52421875 11248.8828125
170 303.5703125 11552.453125
180 215.990625 11768.44375
190 120.45625 11888.9
200 78.64296875 11967.54296875
210 59.50625 12027.04921875
220 38.03359375 12065.0828125
230 80.25234375 12145.33515625
240 63.80390625 12209.1390625
250 25.07578125 12234.21484375
260 13.59296875 12247.8078125
