0 0.8 3.8398749999999993 5.778528801466251 19.095 1.104 0 0
10 0.6 1.5928333333333333 0.21755797439354463 19.095 1.104 3.8398749999999993 8
20 0.6 1.6064999999999998 0.26059595161859295 19.095 1.104 2.876857142857143 14
30 1.5 1.6897999999999997 0.9081066163544161 19.095 0.9 2.4957499999999997 20
40 2.6 1.5871153846153847 0.5570359280584414 19.095 0.9 2.150342857142857 35
50 2.2 1.4482272727272727 0.2762116994128996 19.095 0.9 1.91027868852459 61
60 2.3 1.814217391304348 1.740201061759737 19.095 0.9 1.7878072289156623 83
70 4.3 1.4827674418604648 0.29996207800702596 19.095 0.9 1.7935377358490565 106
80 4.4 1.4748636363636363 0.341951125621849 19.095 0.9 1.7038523489932884 149
90 6.4 1.431859375 0.5016458806764085 19.095 0.86 1.6516476683937822 193
100 7.6 1.425684210526316 0.3111668705528272 19.095 0.86 1.5969143968871595 257
110 8.8 1.298795454545455 0.30473248920871376 19.095 0.841 1.557834834834835 333
120 2.7 1.849925925925926 2.5713250788610327 19.095 0.841 1.5036888361045133 421
130 0 0 0 19.095 0.841 1.5245558035714288 448
140 0 0 0 19.095 0.841 1.5245558035714288 448
150 23.6 1.2569745762711857 0.4797999929678396 19.095 0.714 1.5245558035714288 448
160 15.1 2.019960264900661 4.41915270695953 41.924 0.714 1.4322324561403508 684
170 3.3 1.3944242424242423 0.27241557272077843 41.924 0.714 1.5385161676646704 835
180 0.4 7.238 9.790868705074132 41.924 0.714 1.5330380184331796 868
190 0 0 0 41.924 0.714 1.5592075688073392 872
200 0 0 0 41.924 0.714 1.5592075688073392 872
210 0 0 0 41.924 0.714 1.5592075688073392 872
220 0.1 1.623 0.0 41.924 0.714 1.5592075688073392 872
230 0.1 1.743 0.0 41.924 0.714 1.5592806414662084 873
240 4.4 1.7886590909090911 1.2940589937230593 41.924 0.714 1.5594908466819222 874
250 4.9 1.851489795918367 1.3716003333280702 41.924 0.714 1.570474945533769 918
260 3.2 1.5182499999999999 0.2935957041579457 41.924 0.714 1.5847145811789036 967
