0 0.1 1.6921548193209082 0 1.6921548193209082 1.6921548193209082 0 0
10 0.1 0.5015045135406219 0.0 1.6921548193209082 0.5015045135406219 1.6921548193209082 1
20 0.1 0.30060120240480964 0.0 1.6921548193209082 0.30060120240480964 1.096829666430765 2
30 0.1 0.30060120240480964 0.0 1.6921548193209082 0.30060120240480964 0.8314201784221132 3
40 0.1 2.3069207622868606 0.0 2.3069207622868606 0.30060120240480964 0.6987154344177874 4
50 0.1 2.4024024024024024 0.0 2.4024024024024024 0.30060120240480964 1.020356499991602 5
60 0.1 2.4024024024024024 0.0 2.4024024024024024 0.30060120240480964 1.2506974837267353 6
70 0.1 0.501002004008016 0.0 2.4024024024024024 0.30060120240480964 1.4152267578232591 7
80 0.1 0.4012036108324975 0.0 2.4024024024024024 0.30060120240480964 1.3009486635963539 8
90 0.1 2.206619859578736 0.0 2.4024024024024024 0.30060120240480964 1.2009769910670365 9
100 0.1 0.5020080321285141 0.0 2.4024024024024024 0.30060120240480964 1.3015412779182065 10
110 0.1 0.4020100502512563 0.0 2.4024024024024024 0.30060120240480964 1.228856437391871 11
120 0.1 0.8032128514056224 0.0 2.4024024024024024 0.30060120240480964 1.1599525717968195 12
130 0.1 2.4 0.0 2.4024024024024024 0.30060120240480964 1.1325110548436506 13
140 0.1 1.9076305220883536 0.0 2.4024024024024024 0.30060120240480964 1.2230459794976754 14
150 0.1 0.3 0.0 2.4024024024024024 0.3 1.2686849490037206 15
160 0.1 7.474747474747474 0.0 7.474747474747474 0.3 1.2081421396909882 16
170 0.1 5.0761421319796955 0.0 7.474747474747474 0.3 1.576765982929605 17
180 0.1 1.0214504596527068 0.0 7.474747474747474 0.3 1.7711757689879433 18
190 0.1 3.118712273641851 0.0 7.474747474747474 0.3 1.7317165421808254 19
200 0.1 1.105527638190955 0.0 7.474747474747474 0.3 1.8010663287538768 20
210 0.1 2.8028028028028027 0.0 7.474747474747474 0.3 1.7679454387270712 21
220 0.1 1.7999999999999998 0.0 7.474747474747474 0.3 1.8149844098214225 22
230 0.1 0.7014028056112225 0.0 7.474747474747474 0.3 1.8143329137422302 23
240 0.1 2.2022022022022023 0.0 7.474747474747474 0.3 1.7679608259034383 24
250 0.1 0.8964143426294822 0.0 7.474747474747474 0.3 1.7853304809553887 25
260 0.1 4.408817635270541 0.0 7.474747474747474 0.3 1.7511413987120847 26
