0 0.1 3521.38671875 0 3521.38671875 3521.38671875 0 0
10 0.1 3521.484375 0.0 3521.484375 3521.38671875 3521.38671875 1
20 0.1 3520.16015625 0.0 3521.484375 3520.16015625 3521.435546875 2
30 0.1 3517.140625 0.0 3521.484375 3517.140625 3521.0104166666665 3
40 0.1 3513.390625 0.0 3521.484375 3513.390625 3520.04296875 4
50 0.1 3510.24609375 0.0 3521.484375 3510.24609375 3518.7125 5
60 0.1 3504.09765625 0.0 3521.484375 3504.09765625 3517.3014322916665 6
70 0.1 3504.0 0.0 3521.484375 3504.0 3515.4151785714284 7
80 0.1 3503.82421875 0.0 3521.484375 3503.82421875 3513.98828125 8
90 0.1 3503.01953125 0.0 3521.484375 3503.01953125 3512.858940972222 9
100 0.1 3502.75390625 0.0 3521.484375 3502.75390625 3511.875 10
110 0.1 3501.6953125 0.0 3521.484375 3501.6953125 3511.045809659091 11
120 0.1 3499.9375 0.0 3521.484375 3499.9375 3510.2666015625 12
130 0.1 3498.07421875 0.0 3521.484375 3498.07421875 3509.4720552884614 13
140 0.1 3496.53515625 0.0 3521.484375 3496.53515625 3508.6579241071427 14
150 0.1 3496.30078125 0.0 3521.484375 3496.30078125 3507.8497395833333 15
160 0.1 3474.8125 0.0 3521.484375 3474.8125 3507.1279296875 16
170 0.1 3470.79296875 0.0 3521.484375 3470.79296875 3505.2270220588234 17
180 0.1 3472.61328125 0.0 3521.484375 3470.79296875 3503.314019097222 18
190 0.1 3471.5390625 0.0 3521.484375 3470.79296875 3501.6981907894738 19
200 0.1 3471.18359375 0.0 3521.484375 3470.79296875 3500.190234375 20
210 0.1 3470.46875 0.0 3521.484375 3470.46875 3498.8089657738096 21
220 0.1 3470.46875 0.0 3521.484375 3470.46875 3497.5207741477275 22
230 0.1 3470.4453125 0.0 3521.484375 3470.4453125 3496.3445991847825 23
240 0.1 3470.34375 0.0 3521.484375 3470.34375 3495.2654622395835 24
250 0.1 3469.87890625 0.0 3521.484375 3469.87890625 3494.26859375 25
260 0.1 3469.46484375 0.0 3521.484375 3469.46484375 3493.330528846154 26
