0 0.1 0.16015625 0 0.16015625 0.16015625 0 0
10 0.1 0.12890625 0.0 0.16015625 0.12890625 0.16015625 1
20 0.1 0.109375 0.0 0.16015625 0.109375 0.14453125 2
30 0.1 0.1015625 0.0 0.16015625 0.1015625 0.1328125 3
40 0.1 0.078125 0.0 0.16015625 0.078125 0.125 4
50 0.1 0.0703125 0.0 0.16015625 0.0703125 0.115625 5
60 0.1 0.05859375 0.0 0.16015625 0.05859375 0.10807291666666667 6
70 0.1 0.05078125 0.0 0.16015625 0.05078125 0.10100446428571429 7
80 0.1 0.0390625 0.0 0.16015625 0.0390625 0.0947265625 8
90 0.1 0.109375 0.0 0.16015625 0.0390625 0.08854166666666667 9
100 0.1 0.1015625 0.0 0.16015625 0.0390625 0.090625 10
110 0.1 0.078125 0.0 0.16015625 0.0390625 0.09161931818181818 11
120 0.1 0.0703125 0.0 0.16015625 0.0390625 0.09049479166666667 12
130 0.1 0.05859375 0.0 0.16015625 0.0390625 0.0889423076923077 13
140 0.1 0.05078125 0.0 0.16015625 0.0390625 0.08677455357142858 14
150 0.1 0.0390625 0.0 0.16015625 0.0390625 0.084375 15
160 0.1 0.109375 0.0 0.16015625 0.0390625 0.08154296875 16
170 0.1 0.1015625 0.0 0.16015625 0.0390625 0.08318014705882353 17
180 0.1 0.078125 0.0 0.16015625 0.0390625 0.0842013888888889 18
190 0.1 0.0703125 0.0 0.16015625 0.0390625 0.08388157894736842 19
200 0.1 0.05859375 0.0 0.16015625 0.0390625 0.083203125 20
210 0.1 0.05078125 0.0 0.16015625 0.0390625 0.08203125 21
220 0.1 0.0390625 0.0 0.16015625 0.0390625 0.08061079545454546 22
230 0.1 0.03125 0.0 0.16015625 0.03125 0.07880434782608696 23
240 0.1 0.03125 0.0 0.16015625 0.03125 0.07682291666666667 24
250 0.1 0.01953125 0.0 0.16015625 0.01953125 0.075 25
260 0.1 0.01953125 0.0 0.16015625 0.01953125 0.07286658653846154 26
