0 2.6 70.75199999999998 121.97750456539106 357.138 4.248 0 0
10 3.3 122.24254545454545 199.5688873119119 670.545 3.565 70.75199999999998 26
20 3.1 106.13435483870968 180.5227689770245 670.545 3.565 99.55179661016949 59
30 4.9 1589.850836734694 6164.579826190849 31511.148 3.565 101.81912222222222 90
40 3.2 9232.867843750002 10524.792664724684 34661.009 3.565 626.3770647482015 139
50 5.2 8285.447653846153 7797.046706850904 35148.071 3.565 2236.9484385964915 171
60 0.2 23163.834 14021.285 37185.119 3.565 3647.3608116591927 223
70 0 0 0 37185.119 3.565 3820.840573333333 225
80 1.1 18786.215727272727 25051.219013809434 59931.916 3.565 3820.840573333333 225
90 2.1 29015.21857142857 26601.85389694045 59931.916 3.565 4518.379245762711 236
100 1.5 25382.840133333335 24479.93364634437 59931.916 3.565 6520.066505836575 257
110 7.4 49310.397716216205 20380.69376102088 59983.692 0.628 7560.292992647058 272
120 4.4 48664.403545454516 18451.95457605625 59983.692 0.628 16489.50614161849 346
130 4.8 55340.91272916668 10226.53079001037 59990.294 0.628 20119.49456666666 390
140 3.9 58055.39379487179 5125.546035960302 59990.294 0.628 23979.376009132415 438
150 183.2 7645.322090065501 16275.25572869701 59990.755 0.472 26765.465513626827 477
160 93.3 1865.7006623794234 10409.91551371001 60962.537 0.472 11595.217461671717 2309
170 72.1 1.3440499306518732 0.8255280462018695 60962.537 0.472 8795.20537847008 3242
180 30 1.7707166666666676 1.5033970188838632 60962.537 0.472 7195.312868281605 3963
190 22.8 244.4341447368422 2101.1416889689476 60962.537 0.472 6689.081893502228 4263
200 14.3 856.4068391608386 4504.157398897055 60962.537 0.472 6361.898707860165 4491
210 9 1626.133944444445 7544.900603464432 60962.537 0.472 6192.005454251186 4634
220 2.5 7092.6482 16275.634085533442 60962.537 0.472 6105.018063082133 4724
230 0.6 54426.43350000001 2490.2469953325062 60962.537 0.472 6110.217210991787 4749
240 6.6 60454.4281666667 294.9651124653766 60997.28 0.472 6171.184045425867 4755
250 4.6 60476.78091304348 321.31050460086203 60999.817 0.472 6914.327399917031 4821
260 1.7 64880.19782352941 9594.195777690871 89513.949 0.472 7420.567971440312 4867
