10 0.1 170 0 170 170 0 0
20 0.1 160.0 0.0 170 160 170.0 1
30 0.1 180.0 0.0 180 160 165.0 2
40 0.1 333.0 0.0 333 160 170.0 3
50 0.1 370.0 0.0 370 160 210.75 4
60 0.1 399.0 0.0 399 160 242.6 5
70 0.1 117.0 0.0 399 117 268.6666666666667 6
80 0.1 136.0 0.0 399 117 247.0 7
90 0.1 248.0 0.0 399 117 233.125 8
100 0.1 251.0 0.0 399 117 234.77777777777777 9
110 0.1 250.0 0.0 399 117 236.4 10
120 0.1 407.0 0.0 407 117 237.63636363636363 11
130 0.1 230.0 0.0 407 117 251.75 12
140 0.1 177.0 0.0 407 117 250.07692307692307 13
150 0.1 91.0 0.0 407 91 244.85714285714286 14
160 0.1 3765.0 0.0 3765 91 234.6 15
170 0.1 1767.0 0.0 3765 91 455.25 16
180 0.1 1140.0 0.0 3765 91 532.4117647058823 17
190 0.1 677.0 0.0 3765 91 566.1666666666666 18
200 0.1 424.0 0.0 3765 91 572.0 19
210 0.1 339.0 0.0 3765 91 564.6 20
220 0.1 169.0 0.0 3765 91 553.8571428571429 21
230 0.1 154.0 0.0 3765 91 536.3636363636364 22
240 0.1 141.0 0.0 3765 91 519.7391304347826 23
250 0.1 407.0 0.0 3765 91 503.9583333333333 24
260 0.1 414.0 0.0 3765 91 500.08 25
