0 2.6 70.75199999999998 121.97750456539106 357.138 4.248 0 0
10 3.3 122.24254545454545 199.5688873119119 670.545 3.565 70.75199999999998 26
20 3.1 106.13435483870968 180.5227689770245 670.545 3.565 99.55179661016949 59
30 4.9 1589.850836734694 6164.579826190849 31511.148 3.565 101.81912222222222 90
40 3.2 9232.867843750002 10524.792664724684 34661.009 3.565 626.3770647482015 139
50 5.2 8285.447653846153 7797.046706850904 35148.071 3.565 2236.9484385964915 171
60 0.2 23163.834 14021.285 37185.119 3.565 3647.3608116591927 223
70 0 0 0 37185.119 3.565 3820.840573333333 225
80 1.1 18786.215727272727 25051.219013809434 59931.916 3.565 3820.840573333333 225
90 2.1 29015.21857142857 26601.85389694045 59931.916 3.565 4518.379245762711 236
100 1.5 25382.840133333335 24479.93364634437 59931.916 3.565 6520.066505836575 257
110 7.4 49310.397716216205 20380.69376102088 59983.692 0.628 7560.292992647058 272
120 4.4 48664.403545454516 18451.95457605625 59983.692 0.628 16489.50614161849 346
130 4.8 55340.91272916668 10226.53079001037 59990.294 0.628 20119.49456666666 390
140 3.9 58055.39379487179 5125.546035960302 59990.294 0.628 23979.376009132415 438
150 185 7570.934432432429 16213.26276597178 59990.755 0.471 26765.465513626827 477
160 102.7 1694.9282210321308 9936.657764218597 60962.537 0.445 11505.524602492476 2327
170 99 0.9522727272727269 0.5017407801527793 60962.537 0.428 8501.50478026237 3354
180 44.4 1.1737117117117117 1.1930086796342494 60962.537 0.428 6564.224167357272 4344
190 35.6 213.68531179775292 1995.8514399241103 60962.537 0.428 5955.620491019212 4788
200 21.8 947.9324311926604 4877.721339749229 60962.537 0.428 5558.239284992222 5144
210 14.6 1932.4462808219191 8044.618836135262 60962.537 0.428 5370.800475941811 5362
220 3.9 8063.42923076923 17271.39932133172 60962.537 0.428 5279.660368373274 5508
230 0.9 53898.904888888894 2461.2797401322846 60962.537 0.428 5299.232566973137 5547
240 7.4 60460.94231081082 288.82211313474363 60997.28 0.428 5377.957738120949 5556
250 4.6 60476.78091304348 321.31050460086203 60999.817 0.428 6101.961442984013 5630
260 1.8 60500.40944444445 317.0814851981565 60999.817 0.428 6542.631227272726 5676
