10 0.1 164 0 164 164 0 0
20 0.1 149.0 0.0 164 149 164.0 1
30 0.1 168.0 0.0 168 149 156.5 2
40 0.1 416.0 0.0 416 149 160.33333333333334 3
50 0.1 474.0 0.0 474 149 224.25 4
60 0.1 466.0 0.0 474 149 274.2 5
70 0.1 138.0 0.0 474 138 306.1666666666667 6
80 0.1 181.0 0.0 474 138 282.14285714285717 7
90 0.1 385.0 0.0 474 138 269.5 8
100 0.1 322.0 0.0 474 138 282.3333333333333 9
110 0.1 324.0 0.0 474 138 286.3 10
120 0.1 487.0 0.0 487 138 289.72727272727275 11
130 0.1 340.0 0.0 487 138 306.1666666666667 12
140 0.1 271.0 0.0 487 138 308.7692307692308 13
150 0.1 91.0 0.0 487 91 306.07142857142856 14
160 0.1 4621.0 0.0 4621 91 291.73333333333335 15
170 0.1 2743.0 0.0 4621 91 562.3125 16
180 0.1 2090.0 0.0 4621 91 690.5882352941177 17
190 0.1 1239.0 0.0 4621 91 768.3333333333334 18
200 0.1 802.0 0.0 4621 91 793.1052631578947 19
210 0.1 628.0 0.0 4621 91 793.55 20
220 0.1 315.0 0.0 4621 91 785.6666666666666 21
230 0.1 276.0 0.0 4621 91 764.2727272727273 22
240 0.1 231.0 0.0 4621 91 743.0434782608696 23
250 0.1 376.0 0.0 4621 91 721.7083333333334 24
260 0.1 619.0 0.0 4621 91 707.88 25
