150 0.2 150805.6255 363.39749999999185 151169.023 150442.228 0 0
160 2.1 109416.77280952378 36008.279125565125 164411.299 48730.301 150805.6255 2
170 6.7 92010.05720895517 32837.64257885346 174334.515 48730.301 113015.80347826084 23
180 5.8 95987.27696551726 26070.61314837758 174334.515 48730.301 97378.19236666664 90
190 3.9 107115.31264102568 27717.022262516173 177360.728 48730.301 96833.10389864864 148
200 3.4 109290.45370588236 21218.856635348424 177360.728 48730.301 98977.52176470589 187
210 2.3 118815.89369565218 18966.732311639007 177360.728 48730.301 100564.12667873302 221
220 0.6 134414.36066666667 27681.87616846977 178609.412 48730.301 102284.58012704918 244
230 0.1 227714.239 0.0 227714.239 48730.301 103055.69486 250
240 0.1 196305.738 0.0 227714.239 48730.301 103552.34244621515 251
250 0 0 0 227714.239 48730.301 103920.41147619048 252
260 0 0 0 227714.239 48730.301 103920.41147619048 252
