0 93.675 93.675
10 105.76484375 199.43984375
20 91.91484375 291.3546875
30 169.41171875 460.76640625
40 122.45703125 583.2234375
50 201.828125 785.0515625
60 6.8234375 791.875
70 0 791.875
80 2.13828125 794.01328125
90 3.47109375 797.484375
100 2.74609375 800.23046875
110 6.36171875 806.5921875
120 4.43125 811.0234375
130 4.11953125 815.14296875
140 2.8453125 817.98828125
150 148.8015625 966.78984375
160 85.134375 1051.92421875
170 85.1484375 1137.07265625
180 38.503125 1175.57578125
190 31.50625 1207.08203125
200 20.1734375 1227.25546875
210 13.9296875 1241.18515625
220 4.4921875 1245.67734375
230 2.2078125 1247.88515625
240 4.371875 1252.25703125
250 2.4796875 1254.73671875
260 0.9703125 1255.70703125
