0 14.075 14.075
10 25.16953125 39.24453125
20 21.48828125 60.7328125
30 35.5125 96.2453125
40 19.43125 115.6765625
50 34.23203125 149.90859375
60 9.6984375 159.60703125
70 6.21484375 165.821875
80 7.63828125 173.46015625
90 15.62890625 189.0890625
100 15.79453125 204.88359375
110 39.23125 244.11484375
120 19.871875 263.98671875
130 8.5453125 272.53203125
140 6.66484375 279.196875
150 547.453125 826.65
160 376.16015625 1202.81015625
170 365.72734375 1568.5375
180 186.06328125 1754.60078125
190 132.7421875 1887.34296875
200 75.546875 1962.88984375
210 49.48984375 2012.3796875
220 17.11484375 2029.49453125
230 5.3140625 2034.80859375
240 16.4828125 2051.29140625
250 18.23046875 2069.521875
260 11.9109375 2081.4328125
