0 0.6 5.343833333333332 8.592197650905279 24.554 1.334 0 0
10 1.1 1.6210000000000002 0.4599620537708419 24.554 1.096 5.343833333333332 6
20 1 23.173100000000005 63.48878126952825 213.615 1.096 2.9349411764705877 17
30 2.6 2.9319615384615383 2.3009752694951775 213.615 1.096 10.430555555555557 27
40 3.3 1.761878787878788 0.7316722961435572 213.615 1.096 6.752000000000001 53
50 3.7 29.788297297297294 101.08940803388525 519.092 1.096 4.837186046511628 86
60 3.5 2.267571428571429 2.4338148337328294 519.092 0.998 12.34280487804878 123
70 5.8 1.5376034482758618 0.6751326291068008 519.092 0.914 10.110949367088608 158
80 7.6 1.4425526315789479 1.0744730090746426 519.092 0.894 7.808847222222223 216
90 8.6 1.3682790697674416 0.3396307040644599 519.092 0.888 6.151866438356166 292
100 11.7 1.456923076923076 0.3805262023357088 519.092 0.888 5.063537037037038 378
110 15.1 8.74945695364238 29.40260527938016 519.092 0.888 4.2110646464646475 495
120 8.3 7.875265060240963 36.073027181680004 519.092 0.888 5.271896284829721 646
130 4.8 1.7727499999999994 1.0502744780135649 519.092 0.888 5.5683017832647455 729
140 2.3 1.3897391304347824 0.33512077218082126 519.092 0.888 5.3338275418275405 777
150 0 0 0 519.092 0.888 5.220434999999998 800
160 0 0 0 519.092 0.888 5.220434999999998 800
170 0.1 1.138 0.0 519.092 0.888 5.220434999999998 800
180 0 0 0 519.092 0.888 5.215338327091135 801
190 0.1 17.533 0.0 519.092 0.888 5.215338327091135 801
200 0.2 1.4245 0.18050000000000005 519.092 0.888 5.230697007481296 802
210 0 0 0 519.092 0.888 5.221228855721392 804
220 0 0 0 519.092 0.888 5.221228855721392 804
230 0 0 0 519.092 0.888 5.221228855721392 804
240 0 0 0 519.092 0.888 5.221228855721392 804
250 0 0 0 519.092 0.888 5.221228855721392 804
260 0 0 0 519.092 0.888 5.221228855721392 804
270 0 0 0 519.092 0.888 5.221228855721392 804
275 0 0 0 519.092 0.888 5.221228855721392 804
