0 0.1 0.0703125 0 0.0703125 0.0703125 0 0
10 0.1 0.05859375 0.0 0.0703125 0.05859375 0.0703125 1
20 0.1 0.05078125 0.0 0.0703125 0.05078125 0.064453125 2
30 0.1 0.0390625 0.0 0.0703125 0.0390625 0.059895833333333336 3
40 0.1 0.03125 0.0 0.0703125 0.03125 0.0546875 4
50 0.1 0.03125 0.0 0.0703125 0.03125 0.05 5
60 0.1 0.1796875 0.0 0.1796875 0.03125 0.046875 6
70 0.1 0.1484375 0.0 0.1796875 0.03125 0.06584821428571429 7
80 0.1 0.12890625 0.0 0.1796875 0.03125 0.076171875 8
90 0.1 0.109375 0.0 0.1796875 0.03125 0.08203125 9
100 0.1 0.08984375 0.0 0.1796875 0.03125 0.084765625 10
110 0.1 0.078125 0.0 0.1796875 0.03125 0.08522727272727272 11
120 0.1 0.140625 0.0 0.1796875 0.03125 0.08463541666666667 12
130 0.1 0.12109375 0.0 0.1796875 0.03125 0.0889423076923077 13
140 0.1 0.25 0.0 0.25 0.03125 0.09123883928571429 14
150 0.1 0.2109375 0.0 0.25 0.03125 0.10182291666666667 15
160 0.1 0.1796875 0.0 0.25 0.03125 0.108642578125 16
170 0.1 0.1484375 0.0 0.25 0.03125 0.11282169117647059 17
180 0.1 0.12109375 0.0 0.25 0.03125 0.11480034722222222 18
190 0.1 0.1015625 0.0 0.25 0.03125 0.11513157894736842 19
200 0.1 0.08984375 0.0 0.25 0.03125 0.114453125 20
210 0.1 0.0703125 0.0 0.25 0.03125 0.11328125 21
220 0.1 0.05859375 0.0 0.25 0.03125 0.111328125 22
230 0.1 0.05078125 0.0 0.25 0.03125 0.10903532608695653 23
240 0.1 0.0390625 0.0 0.25 0.03125 0.10660807291666667 24
250 0.1 0.0390625 0.0 0.25 0.03125 0.10390625 25
260 0.1 0.03125 0.0 0.25 0.03125 0.10141225961538461 26
270 0.1 0.03125 0.0 0.25 0.03125 0.09881365740740741 27
275 0.1 0.01953125 0.0 0.25 0.01953125 0.09640066964285714 28
