0 2.3 75.32086956521738 102.96889949642427 279.217 6.314 0 0
10 4.6 63.76563043478261 121.11808938268159 522.304 3.156 75.32086956521738 23
20 4 925.0379999999998 1952.8440993998342 5246.976 3.156 67.6173768115942 69
30 8.1 780.7206419753089 1852.294935258803 5378.874 0.575 382.2671467889908 109
40 13.2 1617.4984318181819 5801.240181010718 38398.209 0.575 552.1341631578948 190
50 18.6 1471.424317204302 5397.499900839576 43414.479 0.575 988.8673416149068 322
60 20 1568.6427399999998 6285.386442890669 45354.253 0.575 1165.5515885826776 508
70 27.7 1092.7571768953067 2074.636499658517 45354.253 0.575 1279.4191454802262 708
80 33.6 800.4589196428576 1851.498548008049 45354.253 0.54 1226.9263888324874 985
90 40.2 905.0941567164178 1922.5625920152622 45354.253 0.54 1118.4532096896291 1321
100 51.1 1552.819933463795 6015.793146000692 59715.268 0.54 1068.673558328497 1723
110 66 1827.2658212121205 5384.324241117408 59883.794 0.54 1179.4160819158458 2234
120 57.4 2133.57120557491 1921.1711180736393 59883.794 0.54 1327.1634308914993 2894
130 67.1 1450.9948524590181 2295.9989918441524 59883.794 0.54 1460.6346138984998 3468
140 42.8 357.90627803738306 1278.7755921379287 59883.794 0.54 1459.071849963759 4139
150 32.9 341.80673860182355 1248.761329002473 59883.794 0.54 1355.875251587475 4567
160 24.5 497.4457551020406 1485.975374354967 59883.794 0.54 1287.7321672794114 4896
170 20.5 733.6319902439021 4357.794843470857 59883.794 0.54 1250.0702005446408 5141
180 13.6 1762.5569338235305 10108.46416485201 59979.608 0.54 1230.2666402918067 5346
190 7.3 3244.000589041096 13460.783439920222 59979.608 0.54 1243.4719449106162 5482
200 4.4 1340.375613636364 8767.383864692954 59979.608 0.54 1269.7615202520246 5555
210 1.3 22.987769230769224 65.97306714124839 59979.608 0.54 1270.3164443650646 5599
220 0.4 3.16675 1.6362130629902696 59979.608 0.54 1267.427051496792 5612
230 0.3 3.9933333333333336 0.9745475303385096 59979.608 0.54 1266.5265811965808 5616
240 0.2 3.436 1.0499999999999998 59979.608 0.54 1265.8525111229753 5619
250 0.4 27380.152749999997 27377.895915534828 59979.608 0.54 1265.403332503113 5621
260 0.8 6879.588875 18185.059985473043 59979.608 0.54 1283.9738209777775 5625
270 0.6 7.284833333333334 3.9889907418905963 59979.608 0.54 1291.920726788567 5633
275 0.3 8.408000000000001 0.35400282484748613 59979.608 0.54 1290.5538505054085 5639
