50 0.3 31176.08733333334 5250.644299425952 37437.328 24588.366 0 0
60 0.8 35130.9105 7021.24203977197 44909.224 24588.366 31176.08733333334 3
70 1 37912.62860000001 10126.991099391777 60038.33 24588.366 34052.32236363636 11
80 1.1 42834.96936363636 16430.8952714495 73881.93 17366.281 35890.56342857143 21
90 0.9 56652.87544444445 17734.147813630163 96356.744 17366.281 38277.70296875 32
100 1.7 46451.42194117648 15838.081157084032 96356.744 17366.281 42311.277414634154 41
110 2.3 58129.71952173913 24204.719925331112 108478.442 17366.281 43524.76805172414 58
120 1.9 58190.1147368421 19935.805409591576 113540.197 17366.281 47671.853037037035 81
130 5.9 58212.895169491516 20486.535424480484 129579.612 17366.281 49670.322759999995 100
140 6.3 53353.0509047619 21685.312242884458 143284.899 17366.281 52840.20811949684 159
150 5.3 53881.459735849065 17264.5242622314 143284.899 17366.281 52985.74458558557 222
160 4.6 58579.64069565215 16306.691611603484 143284.899 17366.281 53158.373323636355 275
170 4.2 71805.71219047622 26619.286227008422 170678.172 17366.281 53935.2527601246 321
180 3.4 77191.76917647057 21892.98430920269 180541.282 17366.281 56002.90922314049 363
190 1.6 89382.17912500001 30482.274363967907 180541.282 17366.281 57817.57229219143 397
200 1 107978.9161 32913.048795782575 180541.282 17366.281 59040.414203389824 413
210 0.4 101438.53499999999 8879.21202931828 180541.282 17366.281 60197.3527825059 423
220 0.2 109474.1 6985.693999999992 180541.282 17366.281 60583.68704215455 427
230 0 0 0 180541.282 17366.281 60811.61437529136 429
240 0.1 138422.446 0.0 180541.282 17366.281 60811.61437529136 429
250 0 0 0 180541.282 17366.281 60992.10468139533 430
260 0.2 155342.975 2102.3209999999963 180541.282 17366.281 60992.10468139533 430
270 0.1 162495.548 0.0 180541.282 17366.281 61428.91426620368 432
275 0.1 176702.655 0.0 180541.282 17366.281 61662.32450577366 433
