0 12.7453125 12.7453125
10 33.865625 46.6109375
20 21.45078125 68.06171875
30 42.378125 110.43984375
40 68.90390625 179.34375
50 120.48984375 299.83359375
60 145.1828125 445.01640625
70 163.2328125 608.24921875
80 217.59296875 825.8421875
90 243.7703125 1069.6125
100 335.32421875 1404.93671875
110 433.265625 1838.20234375
120 405.39609375 2243.5984375
130 474.71171875 2718.31015625
140 360.109375 3078.41953125
150 307.3875 3385.80703125
160 238.2953125 3624.10234375
170 193.0296875 3817.13203125
180 135.6265625 3952.75859375
190 70.02890625 4022.7875
200 46.75625 4069.54375
210 13.96484375 4083.50859375
220 4.27421875 4087.7828125
230 3.56328125 4091.34609375
240 2.15703125 4093.503125
250 2.140625 4095.64375
260 9.41171875 4105.05546875
270 6.48828125 4111.54375
275 3.6296875 4115.1734375
