0 82.3328125 82.3328125
10 155.16484375 237.49765625
20 150.490625 387.98828125
30 232.38984375 620.378125
40 374.884375 995.2625
50 475.8453125 1471.1078125
60 497.1546875 1968.2625
70 699.6875 2667.95
80 813.43203125 3481.38203125
90 985.996875 4467.37890625
100 1311.28984375 5778.66875
110 1610.85078125 7389.51953125
120 1251.4578125 8640.97734375
130 1007.5578125 9648.53515625
140 648.64375 10297.17890625
150 520.98671875 10818.165625
160 389.2984375 11207.4640625
170 128.70546875 11336.16953125
180 51.0140625 11387.18359375
190 34.52890625 11421.7125
200 19.50390625 11441.21640625
210 4.90625 11446.12265625
220 1.471875 11447.59453125
230 1.2265625 11448.82109375
240 0.7359375 11449.55703125
250 6.3890625 11455.94609375
260 8.59765625 11464.54375
270 3.32734375 11467.87109375
275 2.4015625 11470.27265625
