0 1 3.8693 7.0651091576846845 25.06 1.28 0 0
10 1.7 1.8880000000000001 0.7064421211877413 25.06 1.147 3.8693 10
20 2.5 1.6879600000000001 0.501538152486927 25.06 1.147 2.621814814814815 27
30 2.3 1.647086956521739 0.2556777715667632 25.06 1.147 2.172846153846154 52
40 3.6 1.5864722222222225 0.9053859669933012 25.06 0.998 2.011613333333333 75
50 4.2 1.5948571428571423 1.2186063775482878 25.06 0.998 1.8737297297297295 111
60 4.3 2.2417209302325585 4.068253429744967 25.06 0.998 1.797176470588235 153
70 7.6 1.5754473684210524 0.45356710159685254 25.06 0.998 1.8947040816326528 196
80 7.2 1.4434444444444443 0.3447611044416154 25.06 0.989 1.8054999999999999 272
90 8.6 1.4071627906976742 0.5941109609865022 25.06 0.926 1.7297209302325578 344
100 17.4 1.3745689655172422 0.7721177351724898 25.06 0.789 1.665209302325581 430
110 13.4 1.5029701492537313 1.2925847120846288 25.06 0.789 1.58148178807947 604
120 11.5 1.5241130434782606 2.179379910873004 25.06 0.789 1.5672262872628724 738
130 2.1 1.614047619047619 0.42272274784065045 25.06 0.789 1.5614138335287218 853
140 0.2 1.5899999999999999 0.05099999999999999 25.06 0.789 1.5626784897025168 874
150 0 0 0 25.06 0.789 1.5627408675799084 876
160 0 0 0 25.06 0.789 1.5627408675799084 876
170 0 0 0 25.06 0.789 1.5627408675799084 876
180 0 0 0 25.06 0.789 1.5627408675799084 876
190 0.2 12.5465 10.8315 25.06 0.789 1.5627408675799084 876
200 0.2 1.733 0.123 25.06 0.789 1.587760820045558 878
210 0 0 0 25.06 0.789 1.5880909090909088 880
220 0.1 1.491 0.0 25.06 0.789 1.5880909090909088 880
224 0 0 0 25.06 0.789 1.5879807037457432 881
