0 0.1 12.32222823679937 0 12.32222823679937 12.32222823679937 0 0
10 0.1 0.7007007007007007 0.0 12.32222823679937 0.7007007007007007 12.32222823679937 1
20 0.1 2.0874751491053676 0.0 12.32222823679937 0.7007007007007007 6.511464468750035 2
30 0.1 1.098901098901099 0.0 12.32222823679937 0.7007007007007007 5.036801362201813 3
40 0.1 3.869047619047619 0.0 12.32222823679937 0.7007007007007007 4.052326296376634 4
50 0.1 2.288557213930348 0.0 12.32222823679937 0.7007007007007007 4.015670560910832 5
60 0.1 2.584493041749503 0.0 12.32222823679937 0.7007007007007007 3.7278183364140838 6
70 0.1 2.7695351137487636 0.0 12.32222823679937 0.7007007007007007 3.564486151462001 7
80 0.1 3.270564915758176 0.0 12.32222823679937 0.7007007007007007 3.4651172717478462 8
90 0.1 4.586241276171486 0.0 12.32222823679937 0.7007007007007007 3.4435003433045495 9
100 0.1 4.274353876739562 0.0 12.32222823679937 0.7007007007007007 3.557774436591243 10
110 0.1 8.708414872798434 0.0 12.32222823679937 0.7007007007007007 3.622918022059272 11
120 0.1 10.186092066601372 0.0 12.32222823679937 0.7007007007007007 4.046709426287536 12
130 0.1 7.433102081268583 0.0 12.32222823679937 0.7007007007007007 4.518969629388601 13
140 0.1 3.081510934393638 0.0 12.32222823679937 0.7007007007007007 4.727121947380028 14
150 0.1 1.8018018018018018 0.0 12.32222823679937 0.7007007007007007 4.617414546514269 15
160 0.1 4.063429137760158 0.0 12.32222823679937 0.7007007007007007 4.441438749969739 16
170 0.1 1.9860973187686197 0.0 12.32222823679937 0.7007007007007007 4.419202890427999 17
180 0.1 2.8942115768463075 0.0 12.32222823679937 0.7007007007007007 4.284030358669145 18
190 0.1 2.8855721393034823 0.0 12.32222823679937 0.7007007007007007 4.2108820017311 19
200 0.1 4.581673306772909 0.0 12.32222823679937 0.7007007007007007 4.144616508609719 20
210 0.1 0.3996003996003996 0.0 12.32222823679937 0.3996003996003996 4.165428737093681 21
220 0.1 0.2997002997002997 0.0 12.32222823679937 0.2997002997002997 3.994254721753077 22
224 0.1 0.10010010010010009 0.0 12.32222823679937 0.10010010010010009 3.833621920794261 23
