0 0.1 3522.0234375 0 3522.0234375 3522.0234375 0 0
10 0.1 3521.97265625 0.0 3522.0234375 3521.97265625 3522.0234375 1
20 0.1 3521.359375 0.0 3522.0234375 3521.359375 3521.998046875 2
30 0.1 3519.640625 0.0 3522.0234375 3519.640625 3521.78515625 3
40 0.1 3517.3984375 0.0 3522.0234375 3517.3984375 3521.2490234375 4
50 0.1 3512.43359375 0.0 3522.0234375 3512.43359375 3520.47890625 5
60 0.1 3509.90234375 0.0 3522.0234375 3509.90234375 3519.1380208333335 6
70 0.1 3508.28125 0.0 3522.0234375 3508.28125 3517.8186383928573 7
80 0.1 3501.16015625 0.0 3522.0234375 3501.16015625 3516.62646484375 8
90 0.1 3492.81640625 0.0 3522.0234375 3492.81640625 3514.9079861111113 9
100 0.1 3489.8984375 0.0 3522.0234375 3489.8984375 3512.698828125 10
110 0.1 3469.77734375 0.0 3522.0234375 3469.77734375 3510.626065340909 11
120 0.1 3465.37890625 0.0 3522.0234375 3465.37890625 3507.2220052083335 12
130 0.1 3467.15234375 0.0 3522.0234375 3465.37890625 3504.0033052884614 13
140 0.1 3466.79296875 0.0 3522.0234375 3465.37890625 3501.37109375 14
150 0.1 3466.5546875 0.0 3522.0234375 3465.37890625 3499.065885416667 15
160 0.1 3466.29296875 0.0 3522.0234375 3465.37890625 3497.033935546875 16
170 0.1 3466.37890625 0.0 3522.0234375 3465.37890625 3495.225643382353 17
180 0.1 3466.36328125 0.0 3522.0234375 3465.37890625 3493.623046875 18
190 0.1 3466.17578125 0.0 3522.0234375 3465.37890625 3492.1883223684213 19
200 0.1 3466.13671875 0.0 3522.0234375 3465.37890625 3490.8876953125 20
210 0.1 3474.01953125 0.0 3522.0234375 3465.37890625 3489.7090773809523 21
220 0.1 3474.390625 0.0 3522.0234375 3465.37890625 3488.995916193182 22
224 0.1 3474.30859375 0.0 3522.0234375 3465.37890625 3488.3609035326085 23
