0 0.1 0.0703125 0 0.0703125 0.0703125 0 0
10 0.1 0.05859375 0.0 0.0703125 0.05859375 0.0703125 1
20 0.1 0.05078125 0.0 0.0703125 0.05078125 0.064453125 2
30 0.1 0.0390625 0.0 0.0703125 0.0390625 0.059895833333333336 3
40 0.1 0.03125 0.0 0.0703125 0.03125 0.0546875 4
50 0.1 0.03125 0.0 0.0703125 0.03125 0.05 5
60 0.1 0.01953125 0.0 0.0703125 0.01953125 0.046875 6
70 0.1 0.1796875 0.0 0.1796875 0.01953125 0.04296875 7
80 0.1 0.23046875 0.0 0.23046875 0.01953125 0.06005859375 8
90 0.1 0.19921875 0.0 0.23046875 0.01953125 0.07899305555555555 9
100 0.1 0.171875 0.0 0.23046875 0.01953125 0.091015625 10
110 0.1 0.140625 0.0 0.23046875 0.01953125 0.09836647727272728 11
120 0.1 0.12109375 0.0 0.23046875 0.01953125 0.10188802083333333 12
130 0.1 0.1015625 0.0 0.23046875 0.01953125 0.10336538461538461 13
140 0.1 0.078125 0.0 0.23046875 0.01953125 0.10323660714285714 14
150 0.1 0.0703125 0.0 0.23046875 0.01953125 0.1015625 15
160 0.1 0.05859375 0.0 0.23046875 0.01953125 0.099609375 16
170 0.1 0.05078125 0.0 0.23046875 0.01953125 0.09719669117647059 17
180 0.1 0.0390625 0.0 0.23046875 0.01953125 0.09461805555555555 18
190 0.1 0.03125 0.0 0.23046875 0.01953125 0.09169407894736842 19
200 0.1 0.03125 0.0 0.23046875 0.01953125 0.088671875 20
210 0.1 0.01953125 0.0 0.23046875 0.01953125 0.0859375 21
220 0.1 0.01953125 0.0 0.23046875 0.01953125 0.08291903409090909 22
224 0.1 0.01953125 0.0 0.23046875 0.01953125 0.08016304347826086 23
