30 0.3 31858.559333333335 1570.382628174067 33881.943 30054.03 0 0
40 0.3 40752.18866666666 2663.137325356237 43695.847 30054.03 31858.559333333335 3
50 0.8 34184.775125 6668.026951540904 43695.847 20247.548 36305.374 6
60 1.5 36085.56573333333 12273.580054821005 53208.485 16896.132 35093.603214285715 14
70 1 40437.71820000001 15620.104471898685 63072.563 16862.32 35606.68727586207 29
80 1.6 33296.372875 14528.32242860014 66379.693 14692.751 36845.41315384616 39
90 2.2 32412.726181818187 11777.212360016478 66379.693 14692.751 35812.965072727275 55
100 2.1 45148.31090476191 14320.417197006496 83001.881 14692.751 34841.46824675325 77
110 4 46497.244025000015 20587.845853581483 105690.977 13136.812 37050.077387755104 98
120 5.1 38615.5043529412 16223.205821115633 105690.977 13136.812 39788.38655797102 138
130 5.1 37941.86425490196 14507.137195944106 105690.977 13136.812 39471.89453439154 189
140 7.1 41521.79661971827 15863.40515985037 121425.813 13136.812 39146.763100000004 240
150 4.1 46070.76707317072 13092.017861893006 121425.813 13136.812 39688.97332475884 311
160 3.5 54239.24159999999 10609.552040388926 121425.813 13136.812 40432.30725568181 352
170 2 61701.971 11482.833560951907 121425.813 13136.812 41680.99640826872 387
180 1.2 74020.16358333333 8411.166579263712 121425.813 13136.812 42664.828083538065 407
190 0.8 80134.04125 9047.596230228639 121425.813 13136.812 43562.8329188544 419
200 0.7 96402.64471428572 18281.333505481605 137692.096 13136.812 44248.007782201385 427
210 0.2 91816.5065 1782.5354999999981 137692.096 13136.812 45089.211603686614 434
220 0 0 0 137692.096 13136.812 45303.55699311925 436
224 0.1 131244.217 0.0 137692.096 13136.812 45303.55699311925 436
