0 12.91328125 12.91328125
10 30.9578125 43.87109375
20 38.93125 82.80234375
30 59.06171875 141.8640625
40 93.50546875 235.36953125
50 136.003125 371.37265625
60 153.63984375 525.0125
70 191.1875 716.2
80 248.96875 965.16875
90 262.13515625 1227.30390625
100 446.55625 1673.86015625
110 531.2875 2205.14765625
120 511.8625 2717.01015625
130 408.853125 3125.86328125
140 288.3828125 3414.24609375
150 217.09453125 3631.340625
160 155.88046875 3787.22109375
170 89.52265625 3876.74375
180 41.48671875 3918.23046875
190 30.5203125 3948.75078125
200 31.7859375 3980.53671875
210 3.60546875 3984.1421875
220 3.11015625 3987.25234375
224 1.8078125 3989.06015625
