0 1.4 2.1465714285714292 2.9363905616610753 12.715 1.077 0 0
10 1.6 1.2844375 0.2823070068095194 12.715 0.764 2.1465714285714292 14
20 0 0 0 12.715 0.764 1.686766666666667 30
30 1.6 2.1831875 2.0293241553147072 12.715 0.764 1.686766666666667 30
40 2 1.42445 0.18583042673362185 12.715 0.764 1.8594347826086959 46
50 1.7 1.3631764705882352 0.3139108594516299 12.715 0.764 1.7276212121212122 66
60 4 1.7714999999999996 3.366955360559447 22.754 0.764 1.6529759036144578 83
70 3.6 1.2484444444444447 0.3257848168862082 22.754 0.764 1.691520325203252 123
80 5.1 1.2062745098039223 0.2372054688414437 22.754 0.764 1.5912012578616352 159
90 6.5 1.507276923076923 1.2509914161630407 22.754 0.764 1.497719047619048 210
