0 0.1 1.3824906860256865 0 1.3824906860256865 1.3824906860256865 0 0
10 0.1 0.8955223880597015 0.0 1.3824906860256865 0.8955223880597015 1.3824906860256865 1
20 0.1 2.4975024975024978 0.0 2.4975024975024978 0.8955223880597015 1.139006537042694 2
30 0.1 1.6983016983016983 0.0 2.4975024975024978 0.8955223880597015 1.5918385238626287 3
40 0.1 2.1934197407776668 0.0 2.4975024975024978 0.8955223880597015 1.618454317472396 4
50 0.1 0.9960159362549801 0.0 2.4975024975024978 0.8955223880597015 1.73344740213345 5
60 0.1 0.5994005994005994 0.0 2.4975024975024978 0.5994005994005994 1.6105421578203718 6
70 0.1 1.2909632571996028 0.0 2.4975024975024978 0.5994005994005994 1.4660933637604043 7
80 0.1 1.1952191235059761 0.0 2.4975024975024978 0.5994005994005994 1.4442021004403043 8
90 0.1 1.4925373134328357 0.0 2.4975024975024978 0.5994005994005994 1.416537325225379 9
