0 0.1 3516.06640625 0 3516.06640625 3516.06640625 0 0
10 0.1 3516.95703125 0.0 3516.95703125 3516.06640625 3516.06640625 1
20 0.1 3516.96484375 0.0 3516.96484375 3516.06640625 3516.51171875 2
30 0.1 3516.75 0.0 3516.96484375 3516.06640625 3516.6627604166665 3
40 0.1 3515.95703125 0.0 3516.96484375 3515.95703125 3516.6845703125 4
50 0.1 3515.84765625 0.0 3516.96484375 3515.84765625 3516.5390625 5
60 0.1 3515.85546875 0.0 3516.96484375 3515.84765625 3516.423828125 6
70 0.1 3515.37890625 0.0 3516.96484375 3515.37890625 3516.3426339285716 7
80 0.1 3515.26953125 0.0 3516.96484375 3515.26953125 3516.22216796875 8
90 0.1 3515.03515625 0.0 3516.96484375 3515.03515625 3516.1163194444443 9
