0 2.6 8.707615384615385 2.2904558847014096 18.512 6.882 0 0
10 3.3 7.802969696969695 1.0353092784825364 18.512 5.067 8.707615384615385 26
20 0.1 9.298 0.0 18.512 5.067 8.201627118644067 59
30 2.7 9.462259259259262 3.0935574223500732 20.811 5.067 8.219899999999999 60
40 4.1 8.174146341463416 1.0211539995413514 20.811 5.067 8.605459770114944 87
50 3.5 8.148485714285718 1.152168920438531 20.811 5.067 8.467304687500002 128
60 7.3 8.178849315068492 2.923137213521608 30.591 5.067 8.398846625766874 163
70 7.4 8.058986486486486 1.2302013622611854 30.591 5.067 8.330796610169493 236
80 10.4 8.102259615384616 1.4480088317515962 30.591 5.067 8.265912903225807 310
90 12.3 8.775211382113824 2.6588970824676537 30.591 5.067 8.224801932367152 414
