0 1.3 1732.8214615384613 1907.7368505587012 6973.433 160.734 0 0
10 1.6 1598.3281249999998 1710.7922916176103 7388.36 102.666 1732.8214615384613 13
20 0.1 2481.294 0.0 7388.36 102.666 1658.61824137931 29
30 1.1 1700.7482727272727 1268.9148713462432 7388.36 102.666 1686.0407666666663 30
40 2.1 2016.333476190476 2398.829362786389 11286.032 48.061 1689.9866829268292 41
50 1.9 2293.5046842105266 2693.3863714781273 12479.558 48.061 1800.5235 62
60 3.3 1878.9590303030302 1676.8954499967092 12479.558 22.993 1916.161061728395 81
70 4 2286.6287249999996 2119.623142980693 12479.558 22.993 1905.3920526315787 114
80 5 1704.9234399999998 1630.756971213751 12479.558 22.993 2004.4145649350648 154
90 5.9 2033.6343559322036 1848.8496171488864 12479.558 22.993 1931.0098774509804 204
