0 0.1 1.1948582551215094 0 1.1948582551215094 1.1948582551215094 0 0
10 0.1 2.4925224327018944 0.0 2.4925224327018944 1.1948582551215094 1.1948582551215094 1
20 0.1 0.30060120240480964 0.0 2.4925224327018944 0.30060120240480964 1.8436903439117018 2
30 0.1 2.0 0.0 2.4925224327018944 0.30060120240480964 1.3293272967427379 3
40 0.1 0.5005005005005005 0.0 2.4925224327018944 0.30060120240480964 1.4969954725570533 4
50 0.1 0.4995004995004995 0.0 2.4925224327018944 0.30060120240480964 1.2976964781457427 5
60 0.1 0.5015045135406219 0.0 2.4925224327018944 0.30060120240480964 1.1646638150382023 6
70 0.1 0.8016032064128256 0.0 2.4925224327018944 0.30060120240480964 1.0699267719671195 7
80 0.1 0.7056451612903225 0.0 2.4925224327018944 0.30060120240480964 1.0363863262728328 8
90 0.1 1.3026052104208417 0.0 2.4925224327018944 0.30060120240480964 0.9996373079414427 9
100 0.1 1.6032064128256511 0.0 2.4925224327018944 0.30060120240480964 1.0299340981893825 10
110 0.1 1.7085427135678393 0.0 2.4925224327018944 0.30060120240480964 1.0820497631563162 11
120 0.1 2.0181634712411705 0.0 2.4925224327018944 0.30060120240480964 1.134257509023943 12
130 0.1 2.21105527638191 0.0 2.4925224327018944 0.30060120240480964 1.2022502753483453 13
140 0.1 1.402805611222445 0.0 2.4925224327018944 0.30060120240480964 1.2743077754221712 14
150 0.1 2.3162134944612287 0.0 2.4925224327018944 0.30060120240480964 1.282874297808856 15
160 0.1 1.5 0.0 2.4925224327018944 0.30060120240480964 1.3474579975996295 16
170 0.1 0.9036144578313252 0.0 2.4925224327018944 0.30060120240480964 1.3564310565643571 17
180 0.1 0.6024096385542169 0.0 2.4925224327018944 0.30060120240480964 1.3312745788569664 18
190 0.1 0.9027081243731194 0.0 2.4925224327018944 0.30060120240480964 1.2929132662094533 19
200 0.1 0.5025125628140703 0.0 2.4925224327018944 0.30060120240480964 1.2734030091176367 20
210 0.1 0.5025125628140703 0.0 2.4925224327018944 0.30060120240480964 1.2366939402460384 21
220 0.1 0.7992007992007992 0.0 2.4925224327018944 0.30060120240480964 1.203322059453676 22
230 0.1 0.6018054162487462 0.0 2.4925224327018944 0.30060120240480964 1.1857515698774639 23
240 0.1 0.6986027944111777 0.0 2.4925224327018944 0.30060120240480964 1.161420480142934 24
250 0.1 0.3996003996003996 0.0 2.4925224327018944 0.30060120240480964 1.1429077727136636 25
260 0.1 0.1002004008016032 0.0 2.4925224327018944 0.1002004008016032 1.1143190275939228 26
270 0.1 0.39920159680638717 0.0 2.4925224327018944 0.1002004008016032 1.0767590784534664 27
280 0.1 0.2997002997002997 0.0 2.4925224327018944 0.1002004008016032 1.0525605969660707 28
290 0.1 1.9 0.0 2.4925224327018944 0.1002004008016032 1.0265998970603545 29
300 0.1 0.0 0.0 2.4925224327018944 0.0 1.0557132338250093 30
310 0.1 0.2 0.0 2.4925224327018944 0.0 1.021657968217751 31
320 0.1 0.1998001998001998 0.0 2.4925224327018944 0.0 0.9959811567109461 32
