0 0.1 3518.3671875 0 3518.3671875 3518.3671875 0 0
10 0.1 3517.53515625 0.0 3518.3671875 3517.53515625 3518.3671875 1
20 0.1 3514.5 0.0 3518.3671875 3514.5 3517.951171875 2
30 0.1 3511.69140625 0.0 3518.3671875 3511.69140625 3516.80078125 3
40 0.1 3509.41015625 0.0 3518.3671875 3509.41015625 3515.5234375 4
50 0.1 3507.98828125 0.0 3518.3671875 3507.98828125 3514.30078125 5
60 0.1 3502.9375 0.0 3518.3671875 3502.9375 3513.2486979166665 6
70 0.1 3496.515625 0.0 3518.3671875 3496.515625 3511.7756696428573 7
80 0.1 3486.95703125 0.0 3518.3671875 3486.95703125 3509.8681640625 8
90 0.1 3477.796875 0.0 3518.3671875 3477.796875 3507.3224826388887 9
100 0.1 3471.98828125 0.0 3518.3671875 3471.98828125 3504.369921875 10
110 0.1 3457.4765625 0.0 3518.3671875 3457.4765625 3501.4261363636365 11
120 0.1 3453.6875 0.0 3518.3671875 3453.6875 3497.763671875 12
130 0.1 3452.203125 0.0 3518.3671875 3452.203125 3494.3731971153848 13
140 0.1 3451.6171875 0.0 3518.3671875 3451.6171875 3491.3610491071427 14
150 0.1 3450.4375 0.0 3518.3671875 3450.4375 3488.711458333333 15
160 0.1 3449.6015625 0.0 3518.3671875 3449.6015625 3486.3193359375 16
170 0.1 3448.51953125 0.0 3518.3671875 3448.51953125 3484.159466911765 17
180 0.1 3447.80078125 0.0 3518.3671875 3447.80078125 3482.1794704861113 18
190 0.1 3447.3359375 0.0 3518.3671875 3447.3359375 3480.3700657894738 19
200 0.1 3446.8671875 0.0 3518.3671875 3446.8671875 3478.718359375 20
210 0.1 3446.68359375 0.0 3518.3671875 3446.68359375 3477.201636904762 21
220 0.1 3446.2109375 0.0 3518.3671875 3446.2109375 3475.814453125 22
230 0.1 3446.12890625 0.0 3518.3671875 3446.12890625 3474.52734375 23
240 0.1 3446.13671875 0.0 3518.3671875 3446.12890625 3473.3440755208335 24
250 0.1 3446.16796875 0.0 3518.3671875 3446.12890625 3472.25578125 25
260 0.1 3446.18359375 0.0 3518.3671875 3446.12890625 3471.252403846154 26
270 0.1 3453.3359375 0.0 3518.3671875 3446.12890625 3470.3239293981483 27
280 0.1 3453.4453125 0.0 3518.3671875 3446.12890625 3469.717215401786 28
290 0.1 3453.83984375 0.0 3518.3671875 3446.12890625 3469.156115301724 29
300 0.1 3454.0078125 0.0 3518.3671875 3446.12890625 3468.645572916667 30
310 0.1 3454.03515625 0.0 3518.3671875 3446.12890625 3468.173387096774 31
320 0.1 3454.05859375 0.0 3518.3671875 3446.12890625 3467.7315673828125 32
