0 2.9 112.94148275862067 135.31493873861788 648.518 5.41 0 0
10 5.9 92.55833898305085 113.21023821994766 648.518 3.271 112.94148275862067 29
20 2.9 85.25055172413794 105.62292124690589 648.518 3.271 99.27551136363635 88
30 5.5 70.68578181818184 100.57374357205688 648.518 3.148 95.79923931623931 117
40 7.6 1861.900460526315 7622.171380828292 34893.307 3.148 87.76877325581395 172
50 11.2 3065.1709107142838 10175.176076215164 38335.331 2.98 631.4542903225804 248
60 16.3 1593.361196319018 7419.338016004679 40097.485 0.562 1388.6105722222214 360
70 22.4 1214.9273303571426 6581.398303137685 44552.111 0.453 1452.4238642447413 523
80 24.9 1517.4657831325287 7217.338744463595 48239.067 0.453 1381.206697456492 747
90 26.6 2593.326221804513 10151.62260240424 52537.375 0.453 1415.2714688755011 996
100 40.4 1280.7892475247509 6224.019944535976 57337.242 0.453 1663.5777797147384 1262
110 51 3077.281117647054 11784.62225437422 59923.724 0.453 1570.7527094837928 1666
120 49.3 4513.071040567947 13655.58307772193 59933.341 0.433 1923.8453051470574 2176
130 36.2 7564.197309392265 18177.052962991984 59996.995 0.433 2402.1099314349926 2669
140 34.5 6586.9266115942055 16769.85343013843 59996.995 0.433 3018.6310897393582 3031
150 30.2 7556.941218543042 17717.16819556846 59996.995 0.433 3383.2821427725103 3376
160 30.4 7182.707595394736 16505.502980921443 60000.346 0.433 3725.980631321369 3678
170 25.8 11255.293945736434 19857.83937861726 60000.346 0.433 3989.879425163233 3982
180 21.7 10410.435442396305 18265.324870384517 60000.346 0.433 4431.97304457547 4240
190 23.1 6930.251389610387 14034.5855776162 60000.346 0.433 4723.049181063494 4457
200 19.5 6112.248666666668 12657.75661138033 60000.346 0.433 4831.808504906141 4688
210 12 6686.829658333331 14268.698339310064 60000.346 0.433 4882.942199672331 4883
220 23.6 3013.958720338985 11385.28342967868 60000.346 0.433 4926.209538277032 5003
230 10.5 3977.1537238095257 14869.32736930721 60000.346 0.433 4840.0688257301 5239
240 6.9 6041.271463768117 17970.65077872792 60000.346 0.433 4823.11409412425 5344
250 4.6 6441.706847826087 18436.88363525739 60000.346 0.433 4838.642056161092 5413
260 5.6 12732.544714285717 24374.9210290761 60000.346 0.433 4852.150204249861 5459
270 4.1 5815.292048780486 17676.86031159327 60000.346 0.433 4932.168716047143 5515
280 1.1 458.38163636363646 1438.5161219841202 60000.346 0.433 4938.685644888407 5556
290 0.3 2.9683333333333337 0.759808894101376 60000.346 0.433 4929.832879647924 5567
300 0.7 7.199285714285714 7.152226081323726 60000.346 0.433 4927.1792721723505 5570
310 0.2 4.298 0.11500000000000021 60000.346 0.433 4921.00393419401 5577
320 0.1 2.407 0.0 60000.346 0.433 4919.241358128696 5579
