10 0.1 302 0 302 302 0 0
20 0.1 269.0 0.0 302 269 302.0 1
30 0.1 248.0 0.0 302 248 285.5 2
40 0.1 316.0 0.0 316 248 273.0 3
50 0.1 469.0 0.0 469 248 283.75 4
60 0.1 515.0 0.0 515 248 320.8 5
70 0.1 928.0 0.0 928 248 353.1666666666667 6
80 0.1 1128.0 0.0 1128 248 435.2857142857143 7
90 0.1 1121.0 0.0 1128 248 521.875 8
100 0.1 1403.0 0.0 1403 248 588.4444444444445 9
110 0.1 2054.0 0.0 2054 248 669.9 10
120 0.1 2299.0 0.0 2299 248 795.7272727272727 11
130 0.1 1709.0 0.0 2299 248 921.0 12
140 0.1 970.0 0.0 2299 248 981.6153846153846 13
150 0.1 997.0 0.0 2299 248 980.7857142857143 14
160 0.1 885.0 0.0 2299 248 981.8666666666667 15
170 0.1 929.0 0.0 2299 248 975.8125 16
180 0.1 870.0 0.0 2299 248 973.0588235294117 17
190 0.1 832.0 0.0 2299 248 967.3333333333334 18
200 0.1 850.0 0.0 2299 248 960.2105263157895 19
210 0.1 732.0 0.0 2299 248 954.7 20
220 0.1 459.0 0.0 2299 248 944.0952380952381 21
230 0.1 464.0 0.0 2299 248 922.0454545454545 22
240 0.1 214.0 0.0 2299 214 902.1304347826087 23
250 0.1 121.0 0.0 2299 121 873.4583333333334 24
260 0.1 89.0 0.0 2299 89 843.36 25
270 0.1 119.0 0.0 2299 89 814.3461538461538 26
280 0.1 75.0 0.0 2299 75 788.5925925925926 27
290 0.1 99.0 0.0 2299 75 763.1071428571429 28
300 0.1 4.0 0.0 2299 4 740.2068965517242 29
310 0.1 18.0 0.0 2299 4 715.6666666666666 30
320 0.1 4.0 0.0 2299 4 693.1612903225806 31
