0 2.9 112.94148275862067 135.31493873861788 648.518 5.41 0 0
10 5.9 92.55833898305085 113.21023821994766 648.518 3.271 112.94148275862067 29
20 2.9 85.25055172413794 105.62292124690589 648.518 3.271 99.27551136363635 88
30 5.5 70.68578181818184 100.57374357205688 648.518 3.148 95.79923931623931 117
40 7.6 1861.900460526315 7622.171380828292 34893.307 3.148 87.76877325581395 172
50 11.2 3065.1709107142838 10175.176076215164 38335.331 2.98 631.4542903225804 248
60 16.3 1593.361196319018 7419.338016004679 40097.485 0.562 1388.6105722222214 360
70 22.4 1214.9273303571426 6581.398303137685 44552.111 0.453 1452.4238642447413 523
80 24.9 1517.4657831325287 7217.338744463595 48239.067 0.453 1381.206697456492 747
90 27.8 2481.3812086330927 9944.083144924107 52537.375 0.453 1415.2714688755011 996
100 41.8 1237.901679425836 6123.237871448618 57337.242 0.453 1647.907660125588 1274
110 52.6 2983.664817490492 11616.031037326193 59923.724 0.453 1546.6177665484624 1692
120 52.2 4262.348235632182 13311.041117840252 59933.341 0.433 1887.414316952208 2218
130 42.6 6427.801061032874 16972.650643113437 59996.995 0.433 2339.86523138686 2740
140 45 5049.995628888889 14945.530063507376 59996.995 0.433 2889.9159778900826 3166
150 42.2 5408.158978672984 15370.62582017756 59996.995 0.433 3158.7311999446906 3616
160 45.3 4820.226326710819 13935.836785060364 60000.346 0.433 3393.8125577018327 4038
170 36.4 7977.753901098911 17482.560395578927 60000.346 0.433 3537.6926372745493 4491
180 31.9 7081.765714733545 15827.493191964337 60000.346 0.433 3870.5829153450063 4855
190 34.8 4600.161034482768 11893.565307902463 60000.346 0.433 4068.5665475454202 5174
200 27.8 4287.171032374101 10963.480715730693 60000.346 0.433 4102.067974827963 5522
210 18.4 4360.99738043478 11954.63563487535 60000.346 0.433 4110.94015586207 5800
220 34.9 2037.7671461318037 9467.928808076565 60000.346 0.433 4118.629081216579 5984
230 16.2 2577.764037037038 12120.681520380589 60000.346 0.433 4003.9566012948067 6333
240 10.5 3969.9572952380995 14847.346119604517 60000.346 0.433 3968.3841308699016 6495
250 7.7 3848.2664805194795 14596.188372685605 60000.346 0.433 3968.4091584848497 6600
260 8.5 8388.47763529411 20685.05932436368 60000.346 0.433 3967.023658079978 6677
270 6.4 3725.428843749999 14420.90758419478 60000.346 0.433 4022.602419994086 6762
280 1.7 296.45547058823536 1177.2326684174664 60000.346 0.433 4019.816145619691 6826
290 0.5 1.7548000000000001 0.3153432415638553 60000.346 0.433 4010.5662360076003 6843
300 1.1 4.555727272727272 6.505363215223533 60000.346 0.433 4007.6392416764033 6848
310 0.4 2.1155 0.2361276138023675 60000.346 0.433 4001.2193672547037 6859
320 0.1 2.407 0.0 60000.346 0.433 3998.888547573949 6863
