0 14.68125 14.68125
10 41.20078125 55.88203125
20 24.05078125 79.9328125
30 38.58828125 118.52109375
40 49.5546875 168.07578125
50 76.015625 244.09140625
60 102.9109375 347.00234375
70 161.465625 508.46796875
80 162.66171875 671.1296875
90 172.60546875 843.73515625
100 261.66953125 1105.4046875
110 318.4890625 1423.89375
120 315.67421875 1739.56796875
130 257.4234375 1996.99140625
140 271.8578125 2268.84921875
150 262.31796875 2531.1671875
160 285.87734375 2817.04453125
170 240.46015625 3057.5046875
180 208.71796875 3266.22265625
190 228.05703125 3494.2796875
200 182.6546875 3676.934375
210 127.80390625 3804.73828125
220 218.9234375 4023.66171875
230 110.81953125 4134.48125
240 69.46328125 4203.94453125
250 51.80703125 4255.7515625
260 52.68125 4308.4328125
270 44.2046875 4352.6375
280 12.98359375 4365.62109375
290 3.62265625 4369.24375
300 7.81328125 4377.05703125
310 2.86328125 4379.9203125
320 0.7203125 4380.640625
