0 118.75 118.75
10 186.8125 305.5625
20 90.1046875 395.6671875
30 185.76171875 581.42890625
40 262.00625 843.43515625
50 383.16328125 1226.5984375
60 565.890625 1792.4890625
70 745.57890625 2538.06796875
80 775.87890625 3313.946875
90 826.74140625 4140.68828125
100 1227.39609375 5368.084375
110 1431.4296875 6799.5140625
120 1038.390625 7837.9046875
130 460.7859375 8298.690625
140 484.5140625 8783.2046875
150 426.7953125 9210
160 441.60546875 9651.60546875
170 350.68046875 10002.2859375
180 305.10625 10307.3921875
190 345.94453125 10653.33671875
200 293.37109375 10946.7078125
210 163.95546875 11110.66328125
220 127.0546875 11237.71796875
230 38.43359375 11276.1515625
240 24.45078125 11300.60234375
250 17.95546875 11318.5578125
260 18.6109375 11337.16875
270 16.18359375 11353.35234375
280 5.40234375 11358.7546875
290 1.2265625 11359.98125
300 2.6984375 11362.6796875
310 0.98125 11363.6609375
320 0.2453125 11363.90625
