0 0.1 3520.9921875 0 3520.9921875 3520.9921875 0 0
10 0.1 3518.92578125 0.0 3520.9921875 3518.92578125 3520.9921875 1
20 0.1 3514.84375 0.0 3520.9921875 3514.84375 3519.958984375 2
30 0.1 3512.55859375 0.0 3520.9921875 3512.55859375 3518.25390625 3
40 0.1 3510.234375 0.0 3520.9921875 3510.234375 3516.830078125 4
50 0.1 3505.67578125 0.0 3520.9921875 3505.67578125 3515.5109375 5
60 0.1 3500.71875 0.0 3520.9921875 3500.71875 3513.8717447916665 6
70 0.1 3493.59375 0.0 3520.9921875 3493.59375 3511.992745535714 7
80 0.1 3485.82421875 0.0 3520.9921875 3485.82421875 3509.69287109375 8
90 0.1 3483.484375 0.0 3520.9921875 3483.484375 3507.0407986111113 9
100 0.1 3471.34375 0.0 3520.9921875 3471.34375 3504.68515625 10
110 0.1 3447.4921875 0.0 3520.9921875 3447.4921875 3501.654119318182 11
120 0.1 3438.484375 0.0 3520.9921875 3438.484375 3497.140625 12
130 0.1 3436.0703125 0.0 3520.9921875 3436.0703125 3492.628605769231 13
140 0.1 3434.6328125 0.0 3520.9921875 3434.6328125 3488.5887276785716 14
150 0.1 3436.47265625 0.0 3520.9921875 3434.6328125 3484.991666666667 15
160 0.1 3436.1171875 0.0 3520.9921875 3434.6328125 3481.959228515625 16
170 0.1 3436.00390625 0.0 3520.9921875 3434.6328125 3479.262637867647 17
180 0.1 3435.79296875 0.0 3520.9921875 3434.6328125 3476.859375 18
190 0.1 3435.81640625 0.0 3520.9921875 3434.6328125 3474.6979851973683 19
200 0.1 3435.94140625 0.0 3520.9921875 3434.6328125 3472.75390625 20
210 0.1 3435.98828125 0.0 3520.9921875 3434.6328125 3471.000930059524 21
220 0.1 3436.1484375 0.0 3520.9921875 3434.6328125 3469.4094460227275 22
230 0.1 3436.1953125 0.0 3520.9921875 3434.6328125 3467.9633152173915 23
240 0.1 3437.1328125 0.0 3520.9921875 3434.6328125 3466.6396484375 24
250 0.1 3443.4765625 0.0 3520.9921875 3434.6328125 3465.459375 25
258 0.1 3443.48046875 0.0 3520.9921875 3434.6328125 3464.6138822115386 26
