0 0.1 0.0 0 0.0 0.0 0 0
10 0.1 0.0 0.0 0.0 0.0 0.0 1
20 0.1 0.0 0.0 0.0 0.0 0.0 2
30 0.1 0.0 0.0 0.0 0.0 0.0 3
40 0.1 0.0 0.0 0.0 0.0 0.0 4
50 0.1 0.0 0.0 0.0 0.0 0.0 5
60 0.1 0.0 0.0 0.0 0.0 0.0 6
70 0.1 0.0 0.0 0.0 0.0 0.0 7
80 0.1 0.078125 0.0 0.078125 0.0 0.0 8
90 0.1 0.0703125 0.0 0.078125 0.0 0.008680555555555556 9
100 0.1 0.05859375 0.0 0.078125 0.0 0.01484375 10
110 0.1 0.05078125 0.0 0.078125 0.0 0.018821022727272728 11
120 0.1 0.0390625 0.0 0.078125 0.0 0.021484375 12
130 0.1 0.26953125 0.0 0.26953125 0.0 0.02283653846153846 13
140 0.1 0.23046875 0.0 0.26953125 0.0 0.04045758928571429 14
150 0.1 0.19921875 0.0 0.26953125 0.0 0.053125 15
160 0.1 0.16015625 0.0 0.26953125 0.0 0.062255859375 16
170 0.1 0.140625 0.0 0.26953125 0.0 0.06801470588235294 17
180 0.1 0.12109375 0.0 0.26953125 0.0 0.0720486111111111 18
190 0.1 0.1015625 0.0 0.26953125 0.0 0.07462993421052631 19
200 0.1 0.078125 0.0 0.26953125 0.0 0.0759765625 20
210 0.1 0.0703125 0.0 0.26953125 0.0 0.07607886904761904 21
220 0.1 0.05859375 0.0 0.26953125 0.0 0.07581676136363635 22
230 0.1 0.05078125 0.0 0.26953125 0.0 0.07506793478260869 23
240 0.1 0.0390625 0.0 0.26953125 0.0 0.07405598958333333 24
250 0.1 0.03125 0.0 0.26953125 0.0 0.07265625 25
258 0.1 0.03125 0.0 0.26953125 0.0 0.07106370192307693 26
