10 0.1 228 0 228 228 0 0
20 0.1 359.0 0.0 359 228 228.0 1
30 0.1 285.0 0.0 359 228 293.5 2
40 0.1 411.0 0.0 411 228 290.6666666666667 3
50 0.1 684.0 0.0 684 228 320.75 4
60 0.1 765.0 0.0 765 228 393.4 5
70 0.1 976.0 0.0 976 228 455.3333333333333 6
80 0.1 1370.0 0.0 1370 228 529.7142857142857 7
90 0.1 1380.0 0.0 1380 228 634.75 8
100 0.1 1705.0 0.0 1705 228 717.5555555555555 9
110 0.1 1850.0 0.0 1850 228 816.3 10
120 0.1 2185.0 0.0 2185 228 910.2727272727273 11
130 0.1 1784.0 0.0 2185 228 1016.5 12
140 0.1 1685.0 0.0 2185 228 1075.5384615384614 13
150 0.1 2007.0 0.0 2185 228 1119.0714285714284 14
160 0.1 1153.0 0.0 2185 228 1178.2666666666667 15
170 0.1 749.0 0.0 2185 228 1176.6875 16
180 0.1 546.0 0.0 2185 228 1151.5294117647059 17
190 0.1 231.0 0.0 2185 228 1117.888888888889 18
200 0.1 172.0 0.0 2185 172 1071.2105263157894 19
210 0.1 118.0 0.0 2185 118 1026.2499999999998 20
220 0.1 81.0 0.0 2185 81 982.9999999999998 21
230 0.1 51.0 0.0 2185 51 941.9999999999999 22
240 0.1 46.0 0.0 2185 46 903.2608695652173 23
250 0.1 112.0 0.0 2185 46 867.5416666666665 24
258 0.1 11.0 0.0 2185 11 837.3199999999998 25
