30 0.2 24983.5285 5664.660499999999 30648.189 19318.868 0 0
40 0.4 32558.18275 6391.426786498901 43337.441 19318.868 24983.5285 2
50 0.1 36843.079 0.0 43337.441 19318.868 30033.298 6
60 0.6 46579.60966666666 10343.034289466972 55990.188 19318.868 31006.12385714286 7
70 0.9 48075.80577777778 11579.151859171532 66726.46 19318.868 38193.88653846154 13
80 0.9 53581.07455555556 14154.559649518276 72867.257 19318.868 42236.489863636365 22
90 0.7 69665.9242857143 15837.904602253764 86306.776 19318.868 45530.07896774194 31
100 0.2 75322.89300000001 7544.278000000002 86306.776 19318.868 49976.155736842105 38
110 0.6 71630.59850000001 6057.041080464145 86306.776 19318.868 51243.492600000005 40
120 1.6 62521.6040625 19396.38763377328 115180.353 19318.868 53902.68032608696 46
130 2.3 70046.30582608693 14345.519423018091 115180.353 19318.868 56126.91870967742 62
140 9.1 63636.68052747252 16859.45648408952 115180.353 19318.868 59893.34110588234 85
150 8.2 59570.08220731708 19217.932076543624 147454.154 19318.868 61828.81773863635 176
160 5.2 69420.25528846154 24878.758727333705 159965.236 19318.868 61110.925050387596 258
170 4.9 67300.67167346936 11290.337775052143 159965.236 19318.868 62504.748187096775 310
180 2.3 76576.1885652174 12412.111915152804 159965.236 19318.868 63159.34498607243 359
190 1.3 89739.9693846154 13522.920775221788 159965.236 19318.868 63967.16541099477 382
200 0.8 102664.505125 19408.691274835408 159965.236 19318.868 64815.38427594938 395
210 0.8 109885.09312500001 17967.720366697074 159965.236 19318.868 65566.73158808934 403
220 0.2 145861.21649999998 31019.58849999999 176880.805 19318.868 66429.37609489053 411
230 0.3 161405.44033333333 50623.291111189974 231830.346 19318.868 66814.03391767555 413
240 0.1 151772.904 0.0 231830.346 19318.868 67496.18348317308 416
250 0 0 0 231830.346 19318.868 67698.28593045565 417
258 0.1 212675.165 0.0 231830.346 19318.868 67698.28593045565 417
