0 22.6625 22.6625
10 31.625 54.2875
20 40.58203125 94.86953125
30 39.88984375 134.759375
40 83.21171875 217.97109375
50 110.3546875 328.32578125
60 129.590625 457.91640625
70 169.15546875 627.071875
80 160.8390625 787.9109375
90 173.23125 961.1421875
100 211.93125 1173.0734375
110 370.42890625 1543.50234375
120 365.68671875 1909.1890625
130 329.23203125 2238.42109375
140 495.46484375 2733.8859375
150 371.30625 3105.1921875
160 238.97734375 3344.16953125
170 183.2 3527.36953125
180 80.4859375 3607.85546875
190 54.47109375 3662.3265625
200 32.04453125 3694.37109375
210 24.609375 3718.98046875
220 17.6640625 3736.64453125
230 8.640625 3745.28515625
240 0.61328125 3745.8984375
250 0 3745.8984375
258 5.07890625 3750.97734375
